{
  "nbformat": 4,
  "nbformat_minor": 0,
  "metadata": {
    "colab": {
      "name": "Finite Element Method.ipynb",
      "version": "0.3.2",
      "provenance": [],
      "collapsed_sections": []
    },
    "kernelspec": {
      "display_name": "Python 3",
      "language": "python",
      "name": "python3"
    }
  },
  "cells": [
    {
      "metadata": {
        "id": "T_r2EZS1zTM8",
        "colab_type": "code",
        "colab": {}
      },
      "cell_type": "code",
      "source": [
        "import numpy as np\n",
        "from numpy import *\n",
        "import scipy.linalg as slin"
      ],
      "execution_count": 0,
      "outputs": []
    },
    {
      "metadata": {
        "id": "eSvsmWpfzTNA",
        "colab_type": "code",
        "colab": {}
      },
      "cell_type": "code",
      "source": [
        "#declaring the array\n",
        "a = np.zeros((28,28))\n",
        "#print(\"Matrix A=\",a)\n",
        "#print(type(a))\n",
        "b = np.zeros((28,1))\n",
        "#print(\"Matrix B=\",b)\n",
        "#print(type(b))\n",
        "for x in range(28):\n",
        "    if((x%4)==0):\n",
        "        b[x]=-5\n",
        "    elif((x%4)==3):\n",
        "        b[x]=+5\n",
        "#print(\"Matrix B=\",b)\n",
        "#print(len(a))\n",
        "#print(len(a[0]))\n",
        "up = 4\n",
        "for x in range(len(a)):\n",
        "    for y in range(len(a[0])):\n",
        "        if(y==x):\n",
        "            a[x][y]=-4\n",
        "        elif((y==(x+1)) and ((y%4)!=0)):\n",
        "            a[x][y]=1\n",
        "        elif((x==(y+1)) and ((x%4)!=0)):\n",
        "            a[x][y]=1\n",
        "for x in range(len(a)):\n",
        "    for y in range(len(a[0])):\n",
        "        if((y==(x+up)) or (x==(y+up))):\n",
        "            a[x][y]=1\n",
        "#print(a)\n",
        "#print(b)"
      ],
      "execution_count": 0,
      "outputs": []
    },
    {
      "metadata": {
        "id": "mBTy9BrfzTNE",
        "colab_type": "code",
        "outputId": "97d01204-5b6b-44df-d03f-9c2586e1693b",
        "colab": {
          "base_uri": "https://localhost:8080/",
          "height": 53
        }
      },
      "cell_type": "code",
      "source": [
        "print(\"Determinant of a=\",slin.det(a))  #Determinant of the array\n",
        "print(\"Trace of a=\",np.trace(a))        #Trace of the array\n",
        "#print(\"Transpose=\",np.transpose(a))#Transpose of the array\n",
        "#print(\"Inverse=\",slin.inv(a))      #Inverse of the array"
      ],
      "execution_count": 3,
      "outputs": [
        {
          "output_type": "stream",
          "text": [
            "Determinant of a= 1342421467113968.8\n",
            "Trace of a= -112.0\n"
          ],
          "name": "stdout"
        }
      ]
    },
    {
      "metadata": {
        "id": "Y3yWZy18zTNJ",
        "colab_type": "code",
        "outputId": "7f7af15a-b3e5-4e5c-a52e-12fbf375b46e",
        "colab": {
          "base_uri": "https://localhost:8080/",
          "height": 4412
        }
      },
      "cell_type": "code",
      "source": [
        "#horizontal_distance and vertical_distance between grid \n",
        "hor_d = 0.162/5\n",
        "ver_r = 6/8\n",
        "\n",
        "#80 elements and 6 for P1,P2,P3,Q1,Q2,Q3\n",
        "element_parameter = np.zeros((80,6))\n",
        "for x in range(len(element_parameter)):\n",
        "    if((x%2)==0):\n",
        "        element_parameter[x][0]=0\n",
        "        element_parameter[x][1]=ver_r\n",
        "        element_parameter[x][2]=-ver_r\n",
        "        element_parameter[x][3]=-hor_d\n",
        "        element_parameter[x][4]=0\n",
        "        element_parameter[x][5]=hor_d\n",
        "    elif((x%2)!=0):\n",
        "        element_parameter[x][0]=-ver_r\n",
        "        element_parameter[x][1]=ver_r\n",
        "        element_parameter[x][2]=0\n",
        "        element_parameter[x][3]=0\n",
        "        element_parameter[x][4]=-hor_d\n",
        "        element_parameter[x][5]=hor_d\n",
        "print(\" \")\n",
        "print(\"    P1      P2      P3      Q1      Q2      Q3\")\n",
        "print(element_parameter)\n",
        "\n",
        "#Element Coefficient Matrix of Each Element\n",
        "coeff = [None]*80\n",
        "for x in range(len(coeff)):\n",
        "    coeff[x] = np.zeros((3,3))\n",
        "for x in range(len(coeff)):\n",
        "    for y in range(len(coeff[x])):\n",
        "        for z in range(len((coeff[x])[0])):\n",
        "            (coeff[x])[y][z]=(((element_parameter[x][y]*element_parameter[x][z])+(element_parameter[x][y+3]*element_parameter[x][z+3]))/((element_parameter[x][1]*element_parameter[x][5])-(element_parameter[x][2]*element_parameter[x][4])))\n",
        "print(\" \")\n",
        "print(\"Element Coefficient Matrix Of All Elements:\")\n",
        "print(\" \")\n",
        "print(coeff)\n",
        "\n",
        "#Overall/Global Coefficient Matrix\n",
        "#print(\"Overall/Global Coefficient Matrix:\")\n",
        "#overall = np.zeros((54,54))\n",
        "#print(overall)"
      ],
      "execution_count": 4,
      "outputs": [
        {
          "output_type": "stream",
          "text": [
            " \n",
            "    P1      P2      P3      Q1      Q2      Q3\n",
            "[[ 0.      0.75   -0.75   -0.0324  0.      0.0324]\n",
            " [-0.75    0.75    0.      0.     -0.0324  0.0324]\n",
            " [ 0.      0.75   -0.75   -0.0324  0.      0.0324]\n",
            " [-0.75    0.75    0.      0.     -0.0324  0.0324]\n",
            " [ 0.      0.75   -0.75   -0.0324  0.      0.0324]\n",
            " [-0.75    0.75    0.      0.     -0.0324  0.0324]\n",
            " [ 0.      0.75   -0.75   -0.0324  0.      0.0324]\n",
            " [-0.75    0.75    0.      0.     -0.0324  0.0324]\n",
            " [ 0.      0.75   -0.75   -0.0324  0.      0.0324]\n",
            " [-0.75    0.75    0.      0.     -0.0324  0.0324]\n",
            " [ 0.      0.75   -0.75   -0.0324  0.      0.0324]\n",
            " [-0.75    0.75    0.      0.     -0.0324  0.0324]\n",
            " [ 0.      0.75   -0.75   -0.0324  0.      0.0324]\n",
            " [-0.75    0.75    0.      0.     -0.0324  0.0324]\n",
            " [ 0.      0.75   -0.75   -0.0324  0.      0.0324]\n",
            " [-0.75    0.75    0.      0.     -0.0324  0.0324]\n",
            " [ 0.      0.75   -0.75   -0.0324  0.      0.0324]\n",
            " [-0.75    0.75    0.      0.     -0.0324  0.0324]\n",
            " [ 0.      0.75   -0.75   -0.0324  0.      0.0324]\n",
            " [-0.75    0.75    0.      0.     -0.0324  0.0324]\n",
            " [ 0.      0.75   -0.75   -0.0324  0.      0.0324]\n",
            " [-0.75    0.75    0.      0.     -0.0324  0.0324]\n",
            " [ 0.      0.75   -0.75   -0.0324  0.      0.0324]\n",
            " [-0.75    0.75    0.      0.     -0.0324  0.0324]\n",
            " [ 0.      0.75   -0.75   -0.0324  0.      0.0324]\n",
            " [-0.75    0.75    0.      0.     -0.0324  0.0324]\n",
            " [ 0.      0.75   -0.75   -0.0324  0.      0.0324]\n",
            " [-0.75    0.75    0.      0.     -0.0324  0.0324]\n",
            " [ 0.      0.75   -0.75   -0.0324  0.      0.0324]\n",
            " [-0.75    0.75    0.      0.     -0.0324  0.0324]\n",
            " [ 0.      0.75   -0.75   -0.0324  0.      0.0324]\n",
            " [-0.75    0.75    0.      0.     -0.0324  0.0324]\n",
            " [ 0.      0.75   -0.75   -0.0324  0.      0.0324]\n",
            " [-0.75    0.75    0.      0.     -0.0324  0.0324]\n",
            " [ 0.      0.75   -0.75   -0.0324  0.      0.0324]\n",
            " [-0.75    0.75    0.      0.     -0.0324  0.0324]\n",
            " [ 0.      0.75   -0.75   -0.0324  0.      0.0324]\n",
            " [-0.75    0.75    0.      0.     -0.0324  0.0324]\n",
            " [ 0.      0.75   -0.75   -0.0324  0.      0.0324]\n",
            " [-0.75    0.75    0.      0.     -0.0324  0.0324]\n",
            " [ 0.      0.75   -0.75   -0.0324  0.      0.0324]\n",
            " [-0.75    0.75    0.      0.     -0.0324  0.0324]\n",
            " [ 0.      0.75   -0.75   -0.0324  0.      0.0324]\n",
            " [-0.75    0.75    0.      0.     -0.0324  0.0324]\n",
            " [ 0.      0.75   -0.75   -0.0324  0.      0.0324]\n",
            " [-0.75    0.75    0.      0.     -0.0324  0.0324]\n",
            " [ 0.      0.75   -0.75   -0.0324  0.      0.0324]\n",
            " [-0.75    0.75    0.      0.     -0.0324  0.0324]\n",
            " [ 0.      0.75   -0.75   -0.0324  0.      0.0324]\n",
            " [-0.75    0.75    0.      0.     -0.0324  0.0324]\n",
            " [ 0.      0.75   -0.75   -0.0324  0.      0.0324]\n",
            " [-0.75    0.75    0.      0.     -0.0324  0.0324]\n",
            " [ 0.      0.75   -0.75   -0.0324  0.      0.0324]\n",
            " [-0.75    0.75    0.      0.     -0.0324  0.0324]\n",
            " [ 0.      0.75   -0.75   -0.0324  0.      0.0324]\n",
            " [-0.75    0.75    0.      0.     -0.0324  0.0324]\n",
            " [ 0.      0.75   -0.75   -0.0324  0.      0.0324]\n",
            " [-0.75    0.75    0.      0.     -0.0324  0.0324]\n",
            " [ 0.      0.75   -0.75   -0.0324  0.      0.0324]\n",
            " [-0.75    0.75    0.      0.     -0.0324  0.0324]\n",
            " [ 0.      0.75   -0.75   -0.0324  0.      0.0324]\n",
            " [-0.75    0.75    0.      0.     -0.0324  0.0324]\n",
            " [ 0.      0.75   -0.75   -0.0324  0.      0.0324]\n",
            " [-0.75    0.75    0.      0.     -0.0324  0.0324]\n",
            " [ 0.      0.75   -0.75   -0.0324  0.      0.0324]\n",
            " [-0.75    0.75    0.      0.     -0.0324  0.0324]\n",
            " [ 0.      0.75   -0.75   -0.0324  0.      0.0324]\n",
            " [-0.75    0.75    0.      0.     -0.0324  0.0324]\n",
            " [ 0.      0.75   -0.75   -0.0324  0.      0.0324]\n",
            " [-0.75    0.75    0.      0.     -0.0324  0.0324]\n",
            " [ 0.      0.75   -0.75   -0.0324  0.      0.0324]\n",
            " [-0.75    0.75    0.      0.     -0.0324  0.0324]\n",
            " [ 0.      0.75   -0.75   -0.0324  0.      0.0324]\n",
            " [-0.75    0.75    0.      0.     -0.0324  0.0324]\n",
            " [ 0.      0.75   -0.75   -0.0324  0.      0.0324]\n",
            " [-0.75    0.75    0.      0.     -0.0324  0.0324]\n",
            " [ 0.      0.75   -0.75   -0.0324  0.      0.0324]\n",
            " [-0.75    0.75    0.      0.     -0.0324  0.0324]\n",
            " [ 0.      0.75   -0.75   -0.0324  0.      0.0324]\n",
            " [-0.75    0.75    0.      0.     -0.0324  0.0324]]\n",
            " \n",
            "Element Coefficient Matrix Of All Elements:\n",
            " \n",
            "[array([[  0.0432    ,   0.        ,  -0.0432    ],\n",
            "       [  0.        ,  23.14814815, -23.14814815],\n",
            "       [ -0.0432    , -23.14814815,  23.19134815]]), array([[ 23.14814815, -23.14814815,   0.        ],\n",
            "       [-23.14814815,  23.19134815,  -0.0432    ],\n",
            "       [  0.        ,  -0.0432    ,   0.0432    ]]), array([[  0.0432    ,   0.        ,  -0.0432    ],\n",
            "       [  0.        ,  23.14814815, -23.14814815],\n",
            "       [ -0.0432    , -23.14814815,  23.19134815]]), array([[ 23.14814815, -23.14814815,   0.        ],\n",
            "       [-23.14814815,  23.19134815,  -0.0432    ],\n",
            "       [  0.        ,  -0.0432    ,   0.0432    ]]), array([[  0.0432    ,   0.        ,  -0.0432    ],\n",
            "       [  0.        ,  23.14814815, -23.14814815],\n",
            "       [ -0.0432    , -23.14814815,  23.19134815]]), array([[ 23.14814815, -23.14814815,   0.        ],\n",
            "       [-23.14814815,  23.19134815,  -0.0432    ],\n",
            "       [  0.        ,  -0.0432    ,   0.0432    ]]), array([[  0.0432    ,   0.        ,  -0.0432    ],\n",
            "       [  0.        ,  23.14814815, -23.14814815],\n",
            "       [ -0.0432    , -23.14814815,  23.19134815]]), array([[ 23.14814815, -23.14814815,   0.        ],\n",
            "       [-23.14814815,  23.19134815,  -0.0432    ],\n",
            "       [  0.        ,  -0.0432    ,   0.0432    ]]), array([[  0.0432    ,   0.        ,  -0.0432    ],\n",
            "       [  0.        ,  23.14814815, -23.14814815],\n",
            "       [ -0.0432    , -23.14814815,  23.19134815]]), array([[ 23.14814815, -23.14814815,   0.        ],\n",
            "       [-23.14814815,  23.19134815,  -0.0432    ],\n",
            "       [  0.        ,  -0.0432    ,   0.0432    ]]), array([[  0.0432    ,   0.        ,  -0.0432    ],\n",
            "       [  0.        ,  23.14814815, -23.14814815],\n",
            "       [ -0.0432    , -23.14814815,  23.19134815]]), array([[ 23.14814815, -23.14814815,   0.        ],\n",
            "       [-23.14814815,  23.19134815,  -0.0432    ],\n",
            "       [  0.        ,  -0.0432    ,   0.0432    ]]), array([[  0.0432    ,   0.        ,  -0.0432    ],\n",
            "       [  0.        ,  23.14814815, -23.14814815],\n",
            "       [ -0.0432    , -23.14814815,  23.19134815]]), array([[ 23.14814815, -23.14814815,   0.        ],\n",
            "       [-23.14814815,  23.19134815,  -0.0432    ],\n",
            "       [  0.        ,  -0.0432    ,   0.0432    ]]), array([[  0.0432    ,   0.        ,  -0.0432    ],\n",
            "       [  0.        ,  23.14814815, -23.14814815],\n",
            "       [ -0.0432    , -23.14814815,  23.19134815]]), array([[ 23.14814815, -23.14814815,   0.        ],\n",
            "       [-23.14814815,  23.19134815,  -0.0432    ],\n",
            "       [  0.        ,  -0.0432    ,   0.0432    ]]), array([[  0.0432    ,   0.        ,  -0.0432    ],\n",
            "       [  0.        ,  23.14814815, -23.14814815],\n",
            "       [ -0.0432    , -23.14814815,  23.19134815]]), array([[ 23.14814815, -23.14814815,   0.        ],\n",
            "       [-23.14814815,  23.19134815,  -0.0432    ],\n",
            "       [  0.        ,  -0.0432    ,   0.0432    ]]), array([[  0.0432    ,   0.        ,  -0.0432    ],\n",
            "       [  0.        ,  23.14814815, -23.14814815],\n",
            "       [ -0.0432    , -23.14814815,  23.19134815]]), array([[ 23.14814815, -23.14814815,   0.        ],\n",
            "       [-23.14814815,  23.19134815,  -0.0432    ],\n",
            "       [  0.        ,  -0.0432    ,   0.0432    ]]), array([[  0.0432    ,   0.        ,  -0.0432    ],\n",
            "       [  0.        ,  23.14814815, -23.14814815],\n",
            "       [ -0.0432    , -23.14814815,  23.19134815]]), array([[ 23.14814815, -23.14814815,   0.        ],\n",
            "       [-23.14814815,  23.19134815,  -0.0432    ],\n",
            "       [  0.        ,  -0.0432    ,   0.0432    ]]), array([[  0.0432    ,   0.        ,  -0.0432    ],\n",
            "       [  0.        ,  23.14814815, -23.14814815],\n",
            "       [ -0.0432    , -23.14814815,  23.19134815]]), array([[ 23.14814815, -23.14814815,   0.        ],\n",
            "       [-23.14814815,  23.19134815,  -0.0432    ],\n",
            "       [  0.        ,  -0.0432    ,   0.0432    ]]), array([[  0.0432    ,   0.        ,  -0.0432    ],\n",
            "       [  0.        ,  23.14814815, -23.14814815],\n",
            "       [ -0.0432    , -23.14814815,  23.19134815]]), array([[ 23.14814815, -23.14814815,   0.        ],\n",
            "       [-23.14814815,  23.19134815,  -0.0432    ],\n",
            "       [  0.        ,  -0.0432    ,   0.0432    ]]), array([[  0.0432    ,   0.        ,  -0.0432    ],\n",
            "       [  0.        ,  23.14814815, -23.14814815],\n",
            "       [ -0.0432    , -23.14814815,  23.19134815]]), array([[ 23.14814815, -23.14814815,   0.        ],\n",
            "       [-23.14814815,  23.19134815,  -0.0432    ],\n",
            "       [  0.        ,  -0.0432    ,   0.0432    ]]), array([[  0.0432    ,   0.        ,  -0.0432    ],\n",
            "       [  0.        ,  23.14814815, -23.14814815],\n",
            "       [ -0.0432    , -23.14814815,  23.19134815]]), array([[ 23.14814815, -23.14814815,   0.        ],\n",
            "       [-23.14814815,  23.19134815,  -0.0432    ],\n",
            "       [  0.        ,  -0.0432    ,   0.0432    ]]), array([[  0.0432    ,   0.        ,  -0.0432    ],\n",
            "       [  0.        ,  23.14814815, -23.14814815],\n",
            "       [ -0.0432    , -23.14814815,  23.19134815]]), array([[ 23.14814815, -23.14814815,   0.        ],\n",
            "       [-23.14814815,  23.19134815,  -0.0432    ],\n",
            "       [  0.        ,  -0.0432    ,   0.0432    ]]), array([[  0.0432    ,   0.        ,  -0.0432    ],\n",
            "       [  0.        ,  23.14814815, -23.14814815],\n",
            "       [ -0.0432    , -23.14814815,  23.19134815]]), array([[ 23.14814815, -23.14814815,   0.        ],\n",
            "       [-23.14814815,  23.19134815,  -0.0432    ],\n",
            "       [  0.        ,  -0.0432    ,   0.0432    ]]), array([[  0.0432    ,   0.        ,  -0.0432    ],\n",
            "       [  0.        ,  23.14814815, -23.14814815],\n",
            "       [ -0.0432    , -23.14814815,  23.19134815]]), array([[ 23.14814815, -23.14814815,   0.        ],\n",
            "       [-23.14814815,  23.19134815,  -0.0432    ],\n",
            "       [  0.        ,  -0.0432    ,   0.0432    ]]), array([[  0.0432    ,   0.        ,  -0.0432    ],\n",
            "       [  0.        ,  23.14814815, -23.14814815],\n",
            "       [ -0.0432    , -23.14814815,  23.19134815]]), array([[ 23.14814815, -23.14814815,   0.        ],\n",
            "       [-23.14814815,  23.19134815,  -0.0432    ],\n",
            "       [  0.        ,  -0.0432    ,   0.0432    ]]), array([[  0.0432    ,   0.        ,  -0.0432    ],\n",
            "       [  0.        ,  23.14814815, -23.14814815],\n",
            "       [ -0.0432    , -23.14814815,  23.19134815]]), array([[ 23.14814815, -23.14814815,   0.        ],\n",
            "       [-23.14814815,  23.19134815,  -0.0432    ],\n",
            "       [  0.        ,  -0.0432    ,   0.0432    ]]), array([[  0.0432    ,   0.        ,  -0.0432    ],\n",
            "       [  0.        ,  23.14814815, -23.14814815],\n",
            "       [ -0.0432    , -23.14814815,  23.19134815]]), array([[ 23.14814815, -23.14814815,   0.        ],\n",
            "       [-23.14814815,  23.19134815,  -0.0432    ],\n",
            "       [  0.        ,  -0.0432    ,   0.0432    ]]), array([[  0.0432    ,   0.        ,  -0.0432    ],\n",
            "       [  0.        ,  23.14814815, -23.14814815],\n",
            "       [ -0.0432    , -23.14814815,  23.19134815]]), array([[ 23.14814815, -23.14814815,   0.        ],\n",
            "       [-23.14814815,  23.19134815,  -0.0432    ],\n",
            "       [  0.        ,  -0.0432    ,   0.0432    ]]), array([[  0.0432    ,   0.        ,  -0.0432    ],\n",
            "       [  0.        ,  23.14814815, -23.14814815],\n",
            "       [ -0.0432    , -23.14814815,  23.19134815]]), array([[ 23.14814815, -23.14814815,   0.        ],\n",
            "       [-23.14814815,  23.19134815,  -0.0432    ],\n",
            "       [  0.        ,  -0.0432    ,   0.0432    ]]), array([[  0.0432    ,   0.        ,  -0.0432    ],\n",
            "       [  0.        ,  23.14814815, -23.14814815],\n",
            "       [ -0.0432    , -23.14814815,  23.19134815]]), array([[ 23.14814815, -23.14814815,   0.        ],\n",
            "       [-23.14814815,  23.19134815,  -0.0432    ],\n",
            "       [  0.        ,  -0.0432    ,   0.0432    ]]), array([[  0.0432    ,   0.        ,  -0.0432    ],\n",
            "       [  0.        ,  23.14814815, -23.14814815],\n",
            "       [ -0.0432    , -23.14814815,  23.19134815]]), array([[ 23.14814815, -23.14814815,   0.        ],\n",
            "       [-23.14814815,  23.19134815,  -0.0432    ],\n",
            "       [  0.        ,  -0.0432    ,   0.0432    ]]), array([[  0.0432    ,   0.        ,  -0.0432    ],\n",
            "       [  0.        ,  23.14814815, -23.14814815],\n",
            "       [ -0.0432    , -23.14814815,  23.19134815]]), array([[ 23.14814815, -23.14814815,   0.        ],\n",
            "       [-23.14814815,  23.19134815,  -0.0432    ],\n",
            "       [  0.        ,  -0.0432    ,   0.0432    ]]), array([[  0.0432    ,   0.        ,  -0.0432    ],\n",
            "       [  0.        ,  23.14814815, -23.14814815],\n",
            "       [ -0.0432    , -23.14814815,  23.19134815]]), array([[ 23.14814815, -23.14814815,   0.        ],\n",
            "       [-23.14814815,  23.19134815,  -0.0432    ],\n",
            "       [  0.        ,  -0.0432    ,   0.0432    ]]), array([[  0.0432    ,   0.        ,  -0.0432    ],\n",
            "       [  0.        ,  23.14814815, -23.14814815],\n",
            "       [ -0.0432    , -23.14814815,  23.19134815]]), array([[ 23.14814815, -23.14814815,   0.        ],\n",
            "       [-23.14814815,  23.19134815,  -0.0432    ],\n",
            "       [  0.        ,  -0.0432    ,   0.0432    ]]), array([[  0.0432    ,   0.        ,  -0.0432    ],\n",
            "       [  0.        ,  23.14814815, -23.14814815],\n",
            "       [ -0.0432    , -23.14814815,  23.19134815]]), array([[ 23.14814815, -23.14814815,   0.        ],\n",
            "       [-23.14814815,  23.19134815,  -0.0432    ],\n",
            "       [  0.        ,  -0.0432    ,   0.0432    ]]), array([[  0.0432    ,   0.        ,  -0.0432    ],\n",
            "       [  0.        ,  23.14814815, -23.14814815],\n",
            "       [ -0.0432    , -23.14814815,  23.19134815]]), array([[ 23.14814815, -23.14814815,   0.        ],\n",
            "       [-23.14814815,  23.19134815,  -0.0432    ],\n",
            "       [  0.        ,  -0.0432    ,   0.0432    ]]), array([[  0.0432    ,   0.        ,  -0.0432    ],\n",
            "       [  0.        ,  23.14814815, -23.14814815],\n",
            "       [ -0.0432    , -23.14814815,  23.19134815]]), array([[ 23.14814815, -23.14814815,   0.        ],\n",
            "       [-23.14814815,  23.19134815,  -0.0432    ],\n",
            "       [  0.        ,  -0.0432    ,   0.0432    ]]), array([[  0.0432    ,   0.        ,  -0.0432    ],\n",
            "       [  0.        ,  23.14814815, -23.14814815],\n",
            "       [ -0.0432    , -23.14814815,  23.19134815]]), array([[ 23.14814815, -23.14814815,   0.        ],\n",
            "       [-23.14814815,  23.19134815,  -0.0432    ],\n",
            "       [  0.        ,  -0.0432    ,   0.0432    ]]), array([[  0.0432    ,   0.        ,  -0.0432    ],\n",
            "       [  0.        ,  23.14814815, -23.14814815],\n",
            "       [ -0.0432    , -23.14814815,  23.19134815]]), array([[ 23.14814815, -23.14814815,   0.        ],\n",
            "       [-23.14814815,  23.19134815,  -0.0432    ],\n",
            "       [  0.        ,  -0.0432    ,   0.0432    ]]), array([[  0.0432    ,   0.        ,  -0.0432    ],\n",
            "       [  0.        ,  23.14814815, -23.14814815],\n",
            "       [ -0.0432    , -23.14814815,  23.19134815]]), array([[ 23.14814815, -23.14814815,   0.        ],\n",
            "       [-23.14814815,  23.19134815,  -0.0432    ],\n",
            "       [  0.        ,  -0.0432    ,   0.0432    ]]), array([[  0.0432    ,   0.        ,  -0.0432    ],\n",
            "       [  0.        ,  23.14814815, -23.14814815],\n",
            "       [ -0.0432    , -23.14814815,  23.19134815]]), array([[ 23.14814815, -23.14814815,   0.        ],\n",
            "       [-23.14814815,  23.19134815,  -0.0432    ],\n",
            "       [  0.        ,  -0.0432    ,   0.0432    ]]), array([[  0.0432    ,   0.        ,  -0.0432    ],\n",
            "       [  0.        ,  23.14814815, -23.14814815],\n",
            "       [ -0.0432    , -23.14814815,  23.19134815]]), array([[ 23.14814815, -23.14814815,   0.        ],\n",
            "       [-23.14814815,  23.19134815,  -0.0432    ],\n",
            "       [  0.        ,  -0.0432    ,   0.0432    ]]), array([[  0.0432    ,   0.        ,  -0.0432    ],\n",
            "       [  0.        ,  23.14814815, -23.14814815],\n",
            "       [ -0.0432    , -23.14814815,  23.19134815]]), array([[ 23.14814815, -23.14814815,   0.        ],\n",
            "       [-23.14814815,  23.19134815,  -0.0432    ],\n",
            "       [  0.        ,  -0.0432    ,   0.0432    ]]), array([[  0.0432    ,   0.        ,  -0.0432    ],\n",
            "       [  0.        ,  23.14814815, -23.14814815],\n",
            "       [ -0.0432    , -23.14814815,  23.19134815]]), array([[ 23.14814815, -23.14814815,   0.        ],\n",
            "       [-23.14814815,  23.19134815,  -0.0432    ],\n",
            "       [  0.        ,  -0.0432    ,   0.0432    ]]), array([[  0.0432    ,   0.        ,  -0.0432    ],\n",
            "       [  0.        ,  23.14814815, -23.14814815],\n",
            "       [ -0.0432    , -23.14814815,  23.19134815]]), array([[ 23.14814815, -23.14814815,   0.        ],\n",
            "       [-23.14814815,  23.19134815,  -0.0432    ],\n",
            "       [  0.        ,  -0.0432    ,   0.0432    ]]), array([[  0.0432    ,   0.        ,  -0.0432    ],\n",
            "       [  0.        ,  23.14814815, -23.14814815],\n",
            "       [ -0.0432    , -23.14814815,  23.19134815]]), array([[ 23.14814815, -23.14814815,   0.        ],\n",
            "       [-23.14814815,  23.19134815,  -0.0432    ],\n",
            "       [  0.        ,  -0.0432    ,   0.0432    ]])]\n"
          ],
          "name": "stdout"
        }
      ]
    },
    {
      "metadata": {
        "id": "4p6TICTYzTNO",
        "colab_type": "code",
        "outputId": "e38bc12a-45fb-48cb-f178-2ca893b34235",
        "colab": {
          "base_uri": "https://localhost:8080/",
          "height": 517
        }
      },
      "cell_type": "code",
      "source": [
        "#print((slin.inv(a)).dot(b))\n",
        "#print(\"Length=\",len((slin.inv(a)).dot(b)))\n",
        "c = (slin.inv(a)).dot(b)\n",
        "for x in range(len(c)):\n",
        "    print(\"Calculated Voltage at Free Node \",x+1,\"equals \",c[x])"
      ],
      "execution_count": 5,
      "outputs": [
        {
          "output_type": "stream",
          "text": [
            "Calculated Voltage at Free Node  1 equals  [2.07168166]\n",
            "Calculated Voltage at Free Node  2 equals  [0.58345078]\n",
            "Calculated Voltage at Free Node  3 equals  [-0.58345078]\n",
            "Calculated Voltage at Free Node  4 equals  [-2.07168166]\n",
            "Calculated Voltage at Free Node  5 equals  [2.70327586]\n",
            "Calculated Voltage at Free Node  6 equals  [0.84557225]\n",
            "Calculated Voltage at Free Node  7 equals  [-0.84557225]\n",
            "Calculated Voltage at Free Node  8 equals  [-2.70327586]\n",
            "Calculated Voltage at Free Node  9 equals  [2.89584952]\n",
            "Calculated Voltage at Free Node  10 equals  [0.94113463]\n",
            "Calculated Voltage at Free Node  11 equals  [-0.94113463]\n",
            "Calculated Voltage at Free Node  12 equals  [-2.89584952]\n",
            "Calculated Voltage at Free Node  13 equals  [2.93898761]\n",
            "Calculated Voltage at Free Node  14 equals  [0.96425137]\n",
            "Calculated Voltage at Free Node  15 equals  [-0.96425137]\n",
            "Calculated Voltage at Free Node  16 equals  [-2.93898761]\n",
            "Calculated Voltage at Free Node  17 equals  [2.89584952]\n",
            "Calculated Voltage at Free Node  18 equals  [0.94113463]\n",
            "Calculated Voltage at Free Node  19 equals  [-0.94113463]\n",
            "Calculated Voltage at Free Node  20 equals  [-2.89584952]\n",
            "Calculated Voltage at Free Node  21 equals  [2.70327586]\n",
            "Calculated Voltage at Free Node  22 equals  [0.84557225]\n",
            "Calculated Voltage at Free Node  23 equals  [-0.84557225]\n",
            "Calculated Voltage at Free Node  24 equals  [-2.70327586]\n",
            "Calculated Voltage at Free Node  25 equals  [2.07168166]\n",
            "Calculated Voltage at Free Node  26 equals  [0.58345078]\n",
            "Calculated Voltage at Free Node  27 equals  [-0.58345078]\n",
            "Calculated Voltage at Free Node  28 equals  [-2.07168166]\n"
          ],
          "name": "stdout"
        }
      ]
    },
    {
      "metadata": {
        "id": "b4JawAvkzTNT",
        "colab_type": "code",
        "outputId": "2ab2f8ac-f434-4087-eb84-56e141b956bc",
        "colab": {
          "base_uri": "https://localhost:8080/",
          "height": 356
        }
      },
      "cell_type": "code",
      "source": [
        "volt = np.zeros((7,4))\n",
        "for x in range(len(c)):\n",
        "    volt[(int)(x/4)][(x%4)]=c[x]\n",
        "pos_volt = 5*(np.ones((7,1)))\n",
        "neg_volt = -5*(np.ones((7,1)))\n",
        "#print(pos_volt,neg_volt)\n",
        "#print(volt)\n",
        "new_volt = np.hstack((pos_volt,volt,neg_volt))\n",
        "print(\"Voltages at different nodes in solution region:\")\n",
        "print(\" \")\n",
        "print(new_volt)\n",
        "print(\" \")\n",
        "d = 0.162/50\n",
        "ele = np.zeros((7,5))\n",
        "#print(ele)\n",
        "for x in range(len(ele)):\n",
        "    for y in range(len(ele[0])):\n",
        "        ele[x][y] = (new_volt[x][y]-new_volt[x][y+1])/d\n",
        "print(\"Electric Field at different region in solution region:\")\n",
        "print(\" \")\n",
        "print(ele)"
      ],
      "execution_count": 6,
      "outputs": [
        {
          "output_type": "stream",
          "text": [
            "Voltages at different nodes in solution region:\n",
            " \n",
            "[[ 5.          2.07168166  0.58345078 -0.58345078 -2.07168166 -5.        ]\n",
            " [ 5.          2.70327586  0.84557225 -0.84557225 -2.70327586 -5.        ]\n",
            " [ 5.          2.89584952  0.94113463 -0.94113463 -2.89584952 -5.        ]\n",
            " [ 5.          2.93898761  0.96425137 -0.96425137 -2.93898761 -5.        ]\n",
            " [ 5.          2.89584952  0.94113463 -0.94113463 -2.89584952 -5.        ]\n",
            " [ 5.          2.70327586  0.84557225 -0.84557225 -2.70327586 -5.        ]\n",
            " [ 5.          2.07168166  0.58345078 -0.58345078 -2.07168166 -5.        ]]\n",
            " \n",
            "Electric Field at different region in solution region:\n",
            " \n",
            "[[903.80195657 459.33051779 360.15480437 459.33051779 903.80195657]\n",
            " [708.86547537 573.36531023 521.95818188 573.36531023 708.86547537]\n",
            " [649.42915931 603.3070659  580.94730267 603.3070659  649.42915931]\n",
            " [636.11493666 609.48649137 595.21689702 609.48649137 636.11493666]\n",
            " [649.42915931 603.3070659  580.94730267 603.3070659  649.42915931]\n",
            " [708.86547537 573.36531023 521.95818188 573.36531023 708.86547537]\n",
            " [903.80195657 459.33051779 360.15480437 459.33051779 903.80195657]]\n"
          ],
          "name": "stdout"
        }
      ]
    },
    {
      "metadata": {
        "id": "d9KHP43HzTNX",
        "colab_type": "code",
        "outputId": "5eda297a-82b5-4cf7-8bb1-540198607484",
        "colab": {
          "base_uri": "https://localhost:8080/",
          "height": 482
        }
      },
      "cell_type": "code",
      "source": [
        "epsilon=8.854187871*10**-12\n",
        "flux_density = 5*epsilon*ele\n",
        "print(\"Flux Density:\")\n",
        "print(\" \")\n",
        "print(flux_density)\n",
        "ref = np.ones((5,1))\n",
        "net_flux_density = flux_density.dot(ref)\n",
        "print(\" \")\n",
        "print(\"Net Flux Density in one direction:\")\n",
        "print(\" \")\n",
        "print(net_flux_density)"
      ],
      "execution_count": 7,
      "outputs": [
        {
          "output_type": "stream",
          "text": [
            "Flux Density:\n",
            " \n",
            "[[4.00121616e-08 2.03349935e-08 1.59443915e-08 2.03349935e-08\n",
            "  4.00121616e-08]\n",
            " [3.13821405e-08 2.53834209e-08 2.31075790e-08 2.53834209e-08\n",
            "  3.13821405e-08]\n",
            " [2.87508389e-08 2.67089705e-08 2.57190828e-08 2.67089705e-08\n",
            "  2.87508389e-08]\n",
            " [2.81614058e-08 2.69825395e-08 2.63508112e-08 2.69825395e-08\n",
            "  2.81614058e-08]\n",
            " [2.87508389e-08 2.67089705e-08 2.57190828e-08 2.67089705e-08\n",
            "  2.87508389e-08]\n",
            " [3.13821405e-08 2.53834209e-08 2.31075790e-08 2.53834209e-08\n",
            "  3.13821405e-08]\n",
            " [4.00121616e-08 2.03349935e-08 1.59443915e-08 2.03349935e-08\n",
            "  4.00121616e-08]]\n",
            " \n",
            "Net Flux Density in one direction:\n",
            " \n",
            "[[1.36638702e-07]\n",
            " [1.36638702e-07]\n",
            " [1.36638702e-07]\n",
            " [1.36638702e-07]\n",
            " [1.36638702e-07]\n",
            " [1.36638702e-07]\n",
            " [1.36638702e-07]]\n"
          ],
          "name": "stdout"
        }
      ]
    },
    {
      "metadata": {
        "id": "pRSYqHjyzTNb",
        "colab_type": "code",
        "outputId": "b9713e98-1def-4bd7-dfbc-a1ba4b12b11c",
        "colab": {
          "base_uri": "https://localhost:8080/",
          "height": 35
        }
      },
      "cell_type": "code",
      "source": [
        "length_of_plate = 0.06\n",
        "width_of_plate = 0.01\n",
        "Area_of_plate = length_of_plate*width_of_plate\n",
        "Total_flux = net_flux_density[0][0]*Area_of_plate\n",
        "print(\"Total Flux through Epoxy dielectic:\",Total_flux)"
      ],
      "execution_count": 8,
      "outputs": [
        {
          "output_type": "stream",
          "text": [
            "Total Flux through Epoxy dielectic: 8.198322102777777e-11\n"
          ],
          "name": "stdout"
        }
      ]
    },
    {
      "metadata": {
        "id": "s1aQr58vzTNh",
        "colab_type": "code",
        "outputId": "d1605200-724d-4327-aedd-a2a7537eb64f",
        "colab": {
          "base_uri": "https://localhost:8080/",
          "height": 35
        }
      },
      "cell_type": "code",
      "source": [
        "#From Gauss Law net flux passing through an area is equal to the charge enclosed within the gaussian surface\n",
        "charge = Total_flux\n",
        "Capacitance = charge/5\n",
        "print(\"Capacitance is equal to =\",Capacitance)"
      ],
      "execution_count": 9,
      "outputs": [
        {
          "output_type": "stream",
          "text": [
            "Capacitance is equal to = 1.6396644205555556e-11\n"
          ],
          "name": "stdout"
        }
      ]
    }
  ]
}