{
 "cells": [
  {
   "cell_type": "code",
   "execution_count": 1,
   "metadata": {},
   "outputs": [],
   "source": [
    "import numpy as np\n",
    "from numpy import *\n",
    "import scipy.linalg as slin"
   ]
  },
  {
   "cell_type": "code",
   "execution_count": 2,
   "metadata": {},
   "outputs": [],
   "source": [
    "#declaring the array\n",
    "a = np.zeros((28,28))\n",
    "#print(\"Matrix A=\",a)\n",
    "#print(type(a))\n",
    "b = np.zeros((28,1))\n",
    "#print(\"Matrix B=\",b)\n",
    "#print(type(b))\n",
    "for x in range(28):\n",
    "    if((x%4)==0):\n",
    "        b[x]=-5\n",
    "    elif((x%4)==3):\n",
    "        b[x]=+5\n",
    "#print(\"Matrix B=\",b)\n",
    "#print(len(a))\n",
    "#print(len(a[0]))\n",
    "up = 4\n",
    "for x in range(len(a)):\n",
    "    for y in range(len(a[0])):\n",
    "        if(y==x):\n",
    "            a[x][y]=-4\n",
    "        elif((y==(x+1)) and ((y%4)!=0)):\n",
    "            a[x][y]=1\n",
    "        elif((x==(y+1)) and ((x%4)!=0)):\n",
    "            a[x][y]=1\n",
    "for x in range(len(a)):\n",
    "    for y in range(len(a[0])):\n",
    "        if((y==(x+up)) or (x==(y+up))):\n",
    "            a[x][y]=1\n",
    "#print(a)\n",
    "#print(b)"
   ]
  },
  {
   "cell_type": "code",
   "execution_count": 3,
   "metadata": {},
   "outputs": [
    {
     "name": "stdout",
     "output_type": "stream",
     "text": [
      "Determinant of a= 1342421467113968.2\n",
      "Trace of a= -112.0\n"
     ]
    }
   ],
   "source": [
    "print(\"Determinant of a=\",slin.det(a))  #Determinant of the array\n",
    "print(\"Trace of a=\",np.trace(a))        #Trace of the array\n",
    "#print(\"Transpose=\",np.transpose(a))#Transpose of the array\n",
    "#print(\"Inverse=\",slin.inv(a))      #Inverse of the array"
   ]
  },
  {
   "cell_type": "code",
   "execution_count": 4,
   "metadata": {},
   "outputs": [
    {
     "name": "stdout",
     "output_type": "stream",
     "text": [
      " \n",
      "    P1      P2      P3      Q1      Q2      Q3\n",
      "[[ 0.      0.75   -0.75   -0.0324  0.      0.0324]\n",
      " [-0.75    0.75    0.      0.     -0.0324  0.0324]\n",
      " [ 0.      0.75   -0.75   -0.0324  0.      0.0324]\n",
      " [-0.75    0.75    0.      0.     -0.0324  0.0324]\n",
      " [ 0.      0.75   -0.75   -0.0324  0.      0.0324]\n",
      " [-0.75    0.75    0.      0.     -0.0324  0.0324]\n",
      " [ 0.      0.75   -0.75   -0.0324  0.      0.0324]\n",
      " [-0.75    0.75    0.      0.     -0.0324  0.0324]\n",
      " [ 0.      0.75   -0.75   -0.0324  0.      0.0324]\n",
      " [-0.75    0.75    0.      0.     -0.0324  0.0324]\n",
      " [ 0.      0.75   -0.75   -0.0324  0.      0.0324]\n",
      " [-0.75    0.75    0.      0.     -0.0324  0.0324]\n",
      " [ 0.      0.75   -0.75   -0.0324  0.      0.0324]\n",
      " [-0.75    0.75    0.      0.     -0.0324  0.0324]\n",
      " [ 0.      0.75   -0.75   -0.0324  0.      0.0324]\n",
      " [-0.75    0.75    0.      0.     -0.0324  0.0324]\n",
      " [ 0.      0.75   -0.75   -0.0324  0.      0.0324]\n",
      " [-0.75    0.75    0.      0.     -0.0324  0.0324]\n",
      " [ 0.      0.75   -0.75   -0.0324  0.      0.0324]\n",
      " [-0.75    0.75    0.      0.     -0.0324  0.0324]\n",
      " [ 0.      0.75   -0.75   -0.0324  0.      0.0324]\n",
      " [-0.75    0.75    0.      0.     -0.0324  0.0324]\n",
      " [ 0.      0.75   -0.75   -0.0324  0.      0.0324]\n",
      " [-0.75    0.75    0.      0.     -0.0324  0.0324]\n",
      " [ 0.      0.75   -0.75   -0.0324  0.      0.0324]\n",
      " [-0.75    0.75    0.      0.     -0.0324  0.0324]\n",
      " [ 0.      0.75   -0.75   -0.0324  0.      0.0324]\n",
      " [-0.75    0.75    0.      0.     -0.0324  0.0324]\n",
      " [ 0.      0.75   -0.75   -0.0324  0.      0.0324]\n",
      " [-0.75    0.75    0.      0.     -0.0324  0.0324]\n",
      " [ 0.      0.75   -0.75   -0.0324  0.      0.0324]\n",
      " [-0.75    0.75    0.      0.     -0.0324  0.0324]\n",
      " [ 0.      0.75   -0.75   -0.0324  0.      0.0324]\n",
      " [-0.75    0.75    0.      0.     -0.0324  0.0324]\n",
      " [ 0.      0.75   -0.75   -0.0324  0.      0.0324]\n",
      " [-0.75    0.75    0.      0.     -0.0324  0.0324]\n",
      " [ 0.      0.75   -0.75   -0.0324  0.      0.0324]\n",
      " [-0.75    0.75    0.      0.     -0.0324  0.0324]\n",
      " [ 0.      0.75   -0.75   -0.0324  0.      0.0324]\n",
      " [-0.75    0.75    0.      0.     -0.0324  0.0324]\n",
      " [ 0.      0.75   -0.75   -0.0324  0.      0.0324]\n",
      " [-0.75    0.75    0.      0.     -0.0324  0.0324]\n",
      " [ 0.      0.75   -0.75   -0.0324  0.      0.0324]\n",
      " [-0.75    0.75    0.      0.     -0.0324  0.0324]\n",
      " [ 0.      0.75   -0.75   -0.0324  0.      0.0324]\n",
      " [-0.75    0.75    0.      0.     -0.0324  0.0324]\n",
      " [ 0.      0.75   -0.75   -0.0324  0.      0.0324]\n",
      " [-0.75    0.75    0.      0.     -0.0324  0.0324]\n",
      " [ 0.      0.75   -0.75   -0.0324  0.      0.0324]\n",
      " [-0.75    0.75    0.      0.     -0.0324  0.0324]\n",
      " [ 0.      0.75   -0.75   -0.0324  0.      0.0324]\n",
      " [-0.75    0.75    0.      0.     -0.0324  0.0324]\n",
      " [ 0.      0.75   -0.75   -0.0324  0.      0.0324]\n",
      " [-0.75    0.75    0.      0.     -0.0324  0.0324]\n",
      " [ 0.      0.75   -0.75   -0.0324  0.      0.0324]\n",
      " [-0.75    0.75    0.      0.     -0.0324  0.0324]\n",
      " [ 0.      0.75   -0.75   -0.0324  0.      0.0324]\n",
      " [-0.75    0.75    0.      0.     -0.0324  0.0324]\n",
      " [ 0.      0.75   -0.75   -0.0324  0.      0.0324]\n",
      " [-0.75    0.75    0.      0.     -0.0324  0.0324]\n",
      " [ 0.      0.75   -0.75   -0.0324  0.      0.0324]\n",
      " [-0.75    0.75    0.      0.     -0.0324  0.0324]\n",
      " [ 0.      0.75   -0.75   -0.0324  0.      0.0324]\n",
      " [-0.75    0.75    0.      0.     -0.0324  0.0324]\n",
      " [ 0.      0.75   -0.75   -0.0324  0.      0.0324]\n",
      " [-0.75    0.75    0.      0.     -0.0324  0.0324]\n",
      " [ 0.      0.75   -0.75   -0.0324  0.      0.0324]\n",
      " [-0.75    0.75    0.      0.     -0.0324  0.0324]\n",
      " [ 0.      0.75   -0.75   -0.0324  0.      0.0324]\n",
      " [-0.75    0.75    0.      0.     -0.0324  0.0324]\n",
      " [ 0.      0.75   -0.75   -0.0324  0.      0.0324]\n",
      " [-0.75    0.75    0.      0.     -0.0324  0.0324]\n",
      " [ 0.      0.75   -0.75   -0.0324  0.      0.0324]\n",
      " [-0.75    0.75    0.      0.     -0.0324  0.0324]\n",
      " [ 0.      0.75   -0.75   -0.0324  0.      0.0324]\n",
      " [-0.75    0.75    0.      0.     -0.0324  0.0324]\n",
      " [ 0.      0.75   -0.75   -0.0324  0.      0.0324]\n",
      " [-0.75    0.75    0.      0.     -0.0324  0.0324]\n",
      " [ 0.      0.75   -0.75   -0.0324  0.      0.0324]\n",
      " [-0.75    0.75    0.      0.     -0.0324  0.0324]]\n",
      " \n",
      "Element Coefficient Matrix Of All Elements:\n",
      " \n",
      "[array([[  0.0432    ,   0.        ,  -0.0432    ],\n",
      "       [  0.        ,  23.14814815, -23.14814815],\n",
      "       [ -0.0432    , -23.14814815,  23.19134815]]), array([[ 23.14814815, -23.14814815,   0.        ],\n",
      "       [-23.14814815,  23.19134815,  -0.0432    ],\n",
      "       [  0.        ,  -0.0432    ,   0.0432    ]]), array([[  0.0432    ,   0.        ,  -0.0432    ],\n",
      "       [  0.        ,  23.14814815, -23.14814815],\n",
      "       [ -0.0432    , -23.14814815,  23.19134815]]), array([[ 23.14814815, -23.14814815,   0.        ],\n",
      "       [-23.14814815,  23.19134815,  -0.0432    ],\n",
      "       [  0.        ,  -0.0432    ,   0.0432    ]]), array([[  0.0432    ,   0.        ,  -0.0432    ],\n",
      "       [  0.        ,  23.14814815, -23.14814815],\n",
      "       [ -0.0432    , -23.14814815,  23.19134815]]), array([[ 23.14814815, -23.14814815,   0.        ],\n",
      "       [-23.14814815,  23.19134815,  -0.0432    ],\n",
      "       [  0.        ,  -0.0432    ,   0.0432    ]]), array([[  0.0432    ,   0.        ,  -0.0432    ],\n",
      "       [  0.        ,  23.14814815, -23.14814815],\n",
      "       [ -0.0432    , -23.14814815,  23.19134815]]), array([[ 23.14814815, -23.14814815,   0.        ],\n",
      "       [-23.14814815,  23.19134815,  -0.0432    ],\n",
      "       [  0.        ,  -0.0432    ,   0.0432    ]]), array([[  0.0432    ,   0.        ,  -0.0432    ],\n",
      "       [  0.        ,  23.14814815, -23.14814815],\n",
      "       [ -0.0432    , -23.14814815,  23.19134815]]), array([[ 23.14814815, -23.14814815,   0.        ],\n",
      "       [-23.14814815,  23.19134815,  -0.0432    ],\n",
      "       [  0.        ,  -0.0432    ,   0.0432    ]]), array([[  0.0432    ,   0.        ,  -0.0432    ],\n",
      "       [  0.        ,  23.14814815, -23.14814815],\n",
      "       [ -0.0432    , -23.14814815,  23.19134815]]), array([[ 23.14814815, -23.14814815,   0.        ],\n",
      "       [-23.14814815,  23.19134815,  -0.0432    ],\n",
      "       [  0.        ,  -0.0432    ,   0.0432    ]]), array([[  0.0432    ,   0.        ,  -0.0432    ],\n",
      "       [  0.        ,  23.14814815, -23.14814815],\n",
      "       [ -0.0432    , -23.14814815,  23.19134815]]), array([[ 23.14814815, -23.14814815,   0.        ],\n",
      "       [-23.14814815,  23.19134815,  -0.0432    ],\n",
      "       [  0.        ,  -0.0432    ,   0.0432    ]]), array([[  0.0432    ,   0.        ,  -0.0432    ],\n",
      "       [  0.        ,  23.14814815, -23.14814815],\n",
      "       [ -0.0432    , -23.14814815,  23.19134815]]), array([[ 23.14814815, -23.14814815,   0.        ],\n",
      "       [-23.14814815,  23.19134815,  -0.0432    ],\n",
      "       [  0.        ,  -0.0432    ,   0.0432    ]]), array([[  0.0432    ,   0.        ,  -0.0432    ],\n",
      "       [  0.        ,  23.14814815, -23.14814815],\n",
      "       [ -0.0432    , -23.14814815,  23.19134815]]), array([[ 23.14814815, -23.14814815,   0.        ],\n",
      "       [-23.14814815,  23.19134815,  -0.0432    ],\n",
      "       [  0.        ,  -0.0432    ,   0.0432    ]]), array([[  0.0432    ,   0.        ,  -0.0432    ],\n",
      "       [  0.        ,  23.14814815, -23.14814815],\n",
      "       [ -0.0432    , -23.14814815,  23.19134815]]), array([[ 23.14814815, -23.14814815,   0.        ],\n",
      "       [-23.14814815,  23.19134815,  -0.0432    ],\n",
      "       [  0.        ,  -0.0432    ,   0.0432    ]]), array([[  0.0432    ,   0.        ,  -0.0432    ],\n",
      "       [  0.        ,  23.14814815, -23.14814815],\n",
      "       [ -0.0432    , -23.14814815,  23.19134815]]), array([[ 23.14814815, -23.14814815,   0.        ],\n",
      "       [-23.14814815,  23.19134815,  -0.0432    ],\n",
      "       [  0.        ,  -0.0432    ,   0.0432    ]]), array([[  0.0432    ,   0.        ,  -0.0432    ],\n",
      "       [  0.        ,  23.14814815, -23.14814815],\n",
      "       [ -0.0432    , -23.14814815,  23.19134815]]), array([[ 23.14814815, -23.14814815,   0.        ],\n",
      "       [-23.14814815,  23.19134815,  -0.0432    ],\n",
      "       [  0.        ,  -0.0432    ,   0.0432    ]]), array([[  0.0432    ,   0.        ,  -0.0432    ],\n",
      "       [  0.        ,  23.14814815, -23.14814815],\n",
      "       [ -0.0432    , -23.14814815,  23.19134815]]), array([[ 23.14814815, -23.14814815,   0.        ],\n",
      "       [-23.14814815,  23.19134815,  -0.0432    ],\n",
      "       [  0.        ,  -0.0432    ,   0.0432    ]]), array([[  0.0432    ,   0.        ,  -0.0432    ],\n",
      "       [  0.        ,  23.14814815, -23.14814815],\n",
      "       [ -0.0432    , -23.14814815,  23.19134815]]), array([[ 23.14814815, -23.14814815,   0.        ],\n",
      "       [-23.14814815,  23.19134815,  -0.0432    ],\n",
      "       [  0.        ,  -0.0432    ,   0.0432    ]]), array([[  0.0432    ,   0.        ,  -0.0432    ],\n",
      "       [  0.        ,  23.14814815, -23.14814815],\n",
      "       [ -0.0432    , -23.14814815,  23.19134815]]), array([[ 23.14814815, -23.14814815,   0.        ],\n",
      "       [-23.14814815,  23.19134815,  -0.0432    ],\n",
      "       [  0.        ,  -0.0432    ,   0.0432    ]]), array([[  0.0432    ,   0.        ,  -0.0432    ],\n",
      "       [  0.        ,  23.14814815, -23.14814815],\n",
      "       [ -0.0432    , -23.14814815,  23.19134815]]), array([[ 23.14814815, -23.14814815,   0.        ],\n",
      "       [-23.14814815,  23.19134815,  -0.0432    ],\n",
      "       [  0.        ,  -0.0432    ,   0.0432    ]]), array([[  0.0432    ,   0.        ,  -0.0432    ],\n",
      "       [  0.        ,  23.14814815, -23.14814815],\n",
      "       [ -0.0432    , -23.14814815,  23.19134815]]), array([[ 23.14814815, -23.14814815,   0.        ],\n",
      "       [-23.14814815,  23.19134815,  -0.0432    ],\n",
      "       [  0.        ,  -0.0432    ,   0.0432    ]]), array([[  0.0432    ,   0.        ,  -0.0432    ],\n",
      "       [  0.        ,  23.14814815, -23.14814815],\n",
      "       [ -0.0432    , -23.14814815,  23.19134815]]), array([[ 23.14814815, -23.14814815,   0.        ],\n",
      "       [-23.14814815,  23.19134815,  -0.0432    ],\n",
      "       [  0.        ,  -0.0432    ,   0.0432    ]]), array([[  0.0432    ,   0.        ,  -0.0432    ],\n",
      "       [  0.        ,  23.14814815, -23.14814815],\n",
      "       [ -0.0432    , -23.14814815,  23.19134815]]), array([[ 23.14814815, -23.14814815,   0.        ],\n",
      "       [-23.14814815,  23.19134815,  -0.0432    ],\n",
      "       [  0.        ,  -0.0432    ,   0.0432    ]]), array([[  0.0432    ,   0.        ,  -0.0432    ],\n",
      "       [  0.        ,  23.14814815, -23.14814815],\n",
      "       [ -0.0432    , -23.14814815,  23.19134815]]), array([[ 23.14814815, -23.14814815,   0.        ],\n",
      "       [-23.14814815,  23.19134815,  -0.0432    ],\n",
      "       [  0.        ,  -0.0432    ,   0.0432    ]]), array([[  0.0432    ,   0.        ,  -0.0432    ],\n",
      "       [  0.        ,  23.14814815, -23.14814815],\n",
      "       [ -0.0432    , -23.14814815,  23.19134815]]), array([[ 23.14814815, -23.14814815,   0.        ],\n",
      "       [-23.14814815,  23.19134815,  -0.0432    ],\n",
      "       [  0.        ,  -0.0432    ,   0.0432    ]]), array([[  0.0432    ,   0.        ,  -0.0432    ],\n",
      "       [  0.        ,  23.14814815, -23.14814815],\n",
      "       [ -0.0432    , -23.14814815,  23.19134815]]), array([[ 23.14814815, -23.14814815,   0.        ],\n",
      "       [-23.14814815,  23.19134815,  -0.0432    ],\n",
      "       [  0.        ,  -0.0432    ,   0.0432    ]]), array([[  0.0432    ,   0.        ,  -0.0432    ],\n",
      "       [  0.        ,  23.14814815, -23.14814815],\n",
      "       [ -0.0432    , -23.14814815,  23.19134815]]), array([[ 23.14814815, -23.14814815,   0.        ],\n",
      "       [-23.14814815,  23.19134815,  -0.0432    ],\n",
      "       [  0.        ,  -0.0432    ,   0.0432    ]]), array([[  0.0432    ,   0.        ,  -0.0432    ],\n",
      "       [  0.        ,  23.14814815, -23.14814815],\n",
      "       [ -0.0432    , -23.14814815,  23.19134815]]), array([[ 23.14814815, -23.14814815,   0.        ],\n",
      "       [-23.14814815,  23.19134815,  -0.0432    ],\n",
      "       [  0.        ,  -0.0432    ,   0.0432    ]]), array([[  0.0432    ,   0.        ,  -0.0432    ],\n",
      "       [  0.        ,  23.14814815, -23.14814815],\n",
      "       [ -0.0432    , -23.14814815,  23.19134815]]), array([[ 23.14814815, -23.14814815,   0.        ],\n",
      "       [-23.14814815,  23.19134815,  -0.0432    ],\n",
      "       [  0.        ,  -0.0432    ,   0.0432    ]]), array([[  0.0432    ,   0.        ,  -0.0432    ],\n",
      "       [  0.        ,  23.14814815, -23.14814815],\n",
      "       [ -0.0432    , -23.14814815,  23.19134815]]), array([[ 23.14814815, -23.14814815,   0.        ],\n",
      "       [-23.14814815,  23.19134815,  -0.0432    ],\n",
      "       [  0.        ,  -0.0432    ,   0.0432    ]]), array([[  0.0432    ,   0.        ,  -0.0432    ],\n",
      "       [  0.        ,  23.14814815, -23.14814815],\n",
      "       [ -0.0432    , -23.14814815,  23.19134815]]), array([[ 23.14814815, -23.14814815,   0.        ],\n",
      "       [-23.14814815,  23.19134815,  -0.0432    ],\n",
      "       [  0.        ,  -0.0432    ,   0.0432    ]]), array([[  0.0432    ,   0.        ,  -0.0432    ],\n",
      "       [  0.        ,  23.14814815, -23.14814815],\n",
      "       [ -0.0432    , -23.14814815,  23.19134815]]), array([[ 23.14814815, -23.14814815,   0.        ],\n",
      "       [-23.14814815,  23.19134815,  -0.0432    ],\n",
      "       [  0.        ,  -0.0432    ,   0.0432    ]]), array([[  0.0432    ,   0.        ,  -0.0432    ],\n",
      "       [  0.        ,  23.14814815, -23.14814815],\n",
      "       [ -0.0432    , -23.14814815,  23.19134815]]), array([[ 23.14814815, -23.14814815,   0.        ],\n",
      "       [-23.14814815,  23.19134815,  -0.0432    ],\n",
      "       [  0.        ,  -0.0432    ,   0.0432    ]]), array([[  0.0432    ,   0.        ,  -0.0432    ],\n",
      "       [  0.        ,  23.14814815, -23.14814815],\n",
      "       [ -0.0432    , -23.14814815,  23.19134815]]), array([[ 23.14814815, -23.14814815,   0.        ],\n",
      "       [-23.14814815,  23.19134815,  -0.0432    ],\n",
      "       [  0.        ,  -0.0432    ,   0.0432    ]]), array([[  0.0432    ,   0.        ,  -0.0432    ],\n",
      "       [  0.        ,  23.14814815, -23.14814815],\n",
      "       [ -0.0432    , -23.14814815,  23.19134815]]), array([[ 23.14814815, -23.14814815,   0.        ],\n",
      "       [-23.14814815,  23.19134815,  -0.0432    ],\n",
      "       [  0.        ,  -0.0432    ,   0.0432    ]]), array([[  0.0432    ,   0.        ,  -0.0432    ],\n",
      "       [  0.        ,  23.14814815, -23.14814815],\n",
      "       [ -0.0432    , -23.14814815,  23.19134815]]), array([[ 23.14814815, -23.14814815,   0.        ],\n",
      "       [-23.14814815,  23.19134815,  -0.0432    ],\n",
      "       [  0.        ,  -0.0432    ,   0.0432    ]]), array([[  0.0432    ,   0.        ,  -0.0432    ],\n",
      "       [  0.        ,  23.14814815, -23.14814815],\n",
      "       [ -0.0432    , -23.14814815,  23.19134815]]), array([[ 23.14814815, -23.14814815,   0.        ],\n",
      "       [-23.14814815,  23.19134815,  -0.0432    ],\n",
      "       [  0.        ,  -0.0432    ,   0.0432    ]]), array([[  0.0432    ,   0.        ,  -0.0432    ],\n",
      "       [  0.        ,  23.14814815, -23.14814815],\n",
      "       [ -0.0432    , -23.14814815,  23.19134815]]), array([[ 23.14814815, -23.14814815,   0.        ],\n",
      "       [-23.14814815,  23.19134815,  -0.0432    ],\n",
      "       [  0.        ,  -0.0432    ,   0.0432    ]]), array([[  0.0432    ,   0.        ,  -0.0432    ],\n",
      "       [  0.        ,  23.14814815, -23.14814815],\n",
      "       [ -0.0432    , -23.14814815,  23.19134815]]), array([[ 23.14814815, -23.14814815,   0.        ],\n",
      "       [-23.14814815,  23.19134815,  -0.0432    ],\n",
      "       [  0.        ,  -0.0432    ,   0.0432    ]]), array([[  0.0432    ,   0.        ,  -0.0432    ],\n",
      "       [  0.        ,  23.14814815, -23.14814815],\n",
      "       [ -0.0432    , -23.14814815,  23.19134815]]), array([[ 23.14814815, -23.14814815,   0.        ],\n",
      "       [-23.14814815,  23.19134815,  -0.0432    ],\n",
      "       [  0.        ,  -0.0432    ,   0.0432    ]]), array([[  0.0432    ,   0.        ,  -0.0432    ],\n",
      "       [  0.        ,  23.14814815, -23.14814815],\n",
      "       [ -0.0432    , -23.14814815,  23.19134815]]), array([[ 23.14814815, -23.14814815,   0.        ],\n",
      "       [-23.14814815,  23.19134815,  -0.0432    ],\n",
      "       [  0.        ,  -0.0432    ,   0.0432    ]]), array([[  0.0432    ,   0.        ,  -0.0432    ],\n",
      "       [  0.        ,  23.14814815, -23.14814815],\n",
      "       [ -0.0432    , -23.14814815,  23.19134815]]), array([[ 23.14814815, -23.14814815,   0.        ],\n",
      "       [-23.14814815,  23.19134815,  -0.0432    ],\n",
      "       [  0.        ,  -0.0432    ,   0.0432    ]]), array([[  0.0432    ,   0.        ,  -0.0432    ],\n",
      "       [  0.        ,  23.14814815, -23.14814815],\n",
      "       [ -0.0432    , -23.14814815,  23.19134815]]), array([[ 23.14814815, -23.14814815,   0.        ],\n",
      "       [-23.14814815,  23.19134815,  -0.0432    ],\n",
      "       [  0.        ,  -0.0432    ,   0.0432    ]]), array([[  0.0432    ,   0.        ,  -0.0432    ],\n",
      "       [  0.        ,  23.14814815, -23.14814815],\n",
      "       [ -0.0432    , -23.14814815,  23.19134815]]), array([[ 23.14814815, -23.14814815,   0.        ],\n",
      "       [-23.14814815,  23.19134815,  -0.0432    ],\n",
      "       [  0.        ,  -0.0432    ,   0.0432    ]])]\n"
     ]
    }
   ],
   "source": [
    "#horizontal_distance and vertical_distance between grid \n",
    "hor_d = 0.162/5\n",
    "ver_r = 6/8\n",
    "\n",
    "#80 elements and 6 for P1,P2,P3,Q1,Q2,Q3\n",
    "element_parameter = np.zeros((80,6))\n",
    "for x in range(len(element_parameter)):\n",
    "    if((x%2)==0):\n",
    "        element_parameter[x][0]=0\n",
    "        element_parameter[x][1]=ver_r\n",
    "        element_parameter[x][2]=-ver_r\n",
    "        element_parameter[x][3]=-hor_d\n",
    "        element_parameter[x][4]=0\n",
    "        element_parameter[x][5]=hor_d\n",
    "    elif((x%2)!=0):\n",
    "        element_parameter[x][0]=-ver_r\n",
    "        element_parameter[x][1]=ver_r\n",
    "        element_parameter[x][2]=0\n",
    "        element_parameter[x][3]=0\n",
    "        element_parameter[x][4]=-hor_d\n",
    "        element_parameter[x][5]=hor_d\n",
    "print(\" \")\n",
    "print(\"    P1      P2      P3      Q1      Q2      Q3\")\n",
    "print(element_parameter)\n",
    "\n",
    "#Element Coefficient Matrix of Each Element\n",
    "coeff = [None]*80\n",
    "for x in range(len(coeff)):\n",
    "    coeff[x] = np.zeros((3,3))\n",
    "for x in range(len(coeff)):\n",
    "    for y in range(len(coeff[x])):\n",
    "        for z in range(len((coeff[x])[0])):\n",
    "            (coeff[x])[y][z]=(((element_parameter[x][y]*element_parameter[x][z])+(element_parameter[x][y+3]*element_parameter[x][z+3]))/((element_parameter[x][1]*element_parameter[x][5])-(element_parameter[x][2]*element_parameter[x][4])))\n",
    "print(\" \")\n",
    "print(\"Element Coefficient Matrix Of All Elements:\")\n",
    "print(\" \")\n",
    "print(coeff)\n",
    "\n",
    "#Overall/Global Coefficient Matrix\n",
    "#print(\"Overall/Global Coefficient Matrix:\")\n",
    "#overall = np.zeros((54,54))\n",
    "#print(overall)"
   ]
  },
  {
   "cell_type": "code",
   "execution_count": 5,
   "metadata": {},
   "outputs": [
    {
     "name": "stdout",
     "output_type": "stream",
     "text": [
      "Calculated Voltage at Free Node  1 equals  [2.07168166]\n",
      "Calculated Voltage at Free Node  2 equals  [0.58345078]\n",
      "Calculated Voltage at Free Node  3 equals  [-0.58345078]\n",
      "Calculated Voltage at Free Node  4 equals  [-2.07168166]\n",
      "Calculated Voltage at Free Node  5 equals  [2.70327586]\n",
      "Calculated Voltage at Free Node  6 equals  [0.84557225]\n",
      "Calculated Voltage at Free Node  7 equals  [-0.84557225]\n",
      "Calculated Voltage at Free Node  8 equals  [-2.70327586]\n",
      "Calculated Voltage at Free Node  9 equals  [2.89584952]\n",
      "Calculated Voltage at Free Node  10 equals  [0.94113463]\n",
      "Calculated Voltage at Free Node  11 equals  [-0.94113463]\n",
      "Calculated Voltage at Free Node  12 equals  [-2.89584952]\n",
      "Calculated Voltage at Free Node  13 equals  [2.93898761]\n",
      "Calculated Voltage at Free Node  14 equals  [0.96425137]\n",
      "Calculated Voltage at Free Node  15 equals  [-0.96425137]\n",
      "Calculated Voltage at Free Node  16 equals  [-2.93898761]\n",
      "Calculated Voltage at Free Node  17 equals  [2.89584952]\n",
      "Calculated Voltage at Free Node  18 equals  [0.94113463]\n",
      "Calculated Voltage at Free Node  19 equals  [-0.94113463]\n",
      "Calculated Voltage at Free Node  20 equals  [-2.89584952]\n",
      "Calculated Voltage at Free Node  21 equals  [2.70327586]\n",
      "Calculated Voltage at Free Node  22 equals  [0.84557225]\n",
      "Calculated Voltage at Free Node  23 equals  [-0.84557225]\n",
      "Calculated Voltage at Free Node  24 equals  [-2.70327586]\n",
      "Calculated Voltage at Free Node  25 equals  [2.07168166]\n",
      "Calculated Voltage at Free Node  26 equals  [0.58345078]\n",
      "Calculated Voltage at Free Node  27 equals  [-0.58345078]\n",
      "Calculated Voltage at Free Node  28 equals  [-2.07168166]\n"
     ]
    }
   ],
   "source": [
    "#print((slin.inv(a)).dot(b))\n",
    "#print(\"Length=\",len((slin.inv(a)).dot(b)))\n",
    "c = (slin.inv(a)).dot(b)\n",
    "for x in range(len(c)):\n",
    "    print(\"Calculated Voltage at Free Node \",x+1,\"equals \",c[x])"
   ]
  },
  {
   "cell_type": "code",
   "execution_count": 6,
   "metadata": {},
   "outputs": [
    {
     "name": "stdout",
     "output_type": "stream",
     "text": [
      "Voltages at different nodes in solution region:\n",
      " \n",
      "[[ 5.          2.07168166  0.58345078 -0.58345078 -2.07168166 -5.        ]\n",
      " [ 5.          2.70327586  0.84557225 -0.84557225 -2.70327586 -5.        ]\n",
      " [ 5.          2.89584952  0.94113463 -0.94113463 -2.89584952 -5.        ]\n",
      " [ 5.          2.93898761  0.96425137 -0.96425137 -2.93898761 -5.        ]\n",
      " [ 5.          2.89584952  0.94113463 -0.94113463 -2.89584952 -5.        ]\n",
      " [ 5.          2.70327586  0.84557225 -0.84557225 -2.70327586 -5.        ]\n",
      " [ 5.          2.07168166  0.58345078 -0.58345078 -2.07168166 -5.        ]]\n",
      " \n",
      "Electric Field at different region in solution region:\n",
      " \n",
      "[[9038.01956569 4593.30517792 3601.54804365 4593.30517792 9038.01956569]\n",
      " [7088.65475371 5733.65310234 5219.58181876 5733.65310234 7088.65475371]\n",
      " [6494.2915931  6033.07065897 5809.47302673 6033.07065897 6494.2915931 ]\n",
      " [6361.14936663 6094.86491369 5952.16897021 6094.86491369 6361.14936663]\n",
      " [6494.2915931  6033.07065897 5809.47302673 6033.07065897 6494.2915931 ]\n",
      " [7088.65475371 5733.65310234 5219.58181876 5733.65310234 7088.65475371]\n",
      " [9038.01956569 4593.30517792 3601.54804365 4593.30517792 9038.01956569]]\n"
     ]
    }
   ],
   "source": [
    "volt = np.zeros((7,4))\n",
    "for x in range(len(c)):\n",
    "    volt[(int)(x/4)][(x%4)]=c[x]\n",
    "pos_volt = 5*(np.ones((7,1)))\n",
    "neg_volt = -5*(np.ones((7,1)))\n",
    "#print(pos_volt,neg_volt)\n",
    "#print(volt)\n",
    "new_volt = np.hstack((pos_volt,volt,neg_volt))\n",
    "print(\"Voltages at different nodes in solution region:\")\n",
    "print(\" \")\n",
    "print(new_volt)\n",
    "print(\" \")\n",
    "d = 0.162/500\n",
    "ele = np.zeros((7,5))\n",
    "#print(ele)\n",
    "for x in range(len(ele)):\n",
    "    for y in range(len(ele[0])):\n",
    "        ele[x][y] = (new_volt[x][y]-new_volt[x][y+1])/d\n",
    "print(\"Electric Field at different region in solution region:\")\n",
    "print(\" \")\n",
    "print(ele)"
   ]
  },
  {
   "cell_type": "code",
   "execution_count": 7,
   "metadata": {},
   "outputs": [
    {
     "name": "stdout",
     "output_type": "stream",
     "text": [
      "Flux Density:\n",
      " \n",
      "[[4.00121616e-07 2.03349935e-07 1.59443915e-07 2.03349935e-07\n",
      "  4.00121616e-07]\n",
      " [3.13821405e-07 2.53834209e-07 2.31075790e-07 2.53834209e-07\n",
      "  3.13821405e-07]\n",
      " [2.87508389e-07 2.67089705e-07 2.57190828e-07 2.67089705e-07\n",
      "  2.87508389e-07]\n",
      " [2.81614058e-07 2.69825395e-07 2.63508112e-07 2.69825395e-07\n",
      "  2.81614058e-07]\n",
      " [2.87508389e-07 2.67089705e-07 2.57190828e-07 2.67089705e-07\n",
      "  2.87508389e-07]\n",
      " [3.13821405e-07 2.53834209e-07 2.31075790e-07 2.53834209e-07\n",
      "  3.13821405e-07]\n",
      " [4.00121616e-07 2.03349935e-07 1.59443915e-07 2.03349935e-07\n",
      "  4.00121616e-07]]\n",
      " \n",
      "Net Flux Density in one direction:\n",
      " \n",
      "[[1.36638702e-06]\n",
      " [1.36638702e-06]\n",
      " [1.36638702e-06]\n",
      " [1.36638702e-06]\n",
      " [1.36638702e-06]\n",
      " [1.36638702e-06]\n",
      " [1.36638702e-06]]\n"
     ]
    }
   ],
   "source": [
    "epsilon=8.854187871*10**-12\n",
    "flux_density = 5*epsilon*ele\n",
    "print(\"Flux Density:\")\n",
    "print(\" \")\n",
    "print(flux_density)\n",
    "ref = np.ones((5,1))\n",
    "net_flux_density = flux_density.dot(ref)\n",
    "print(\" \")\n",
    "print(\"Net Flux Density in one direction:\")\n",
    "print(\" \")\n",
    "print(net_flux_density)"
   ]
  },
  {
   "cell_type": "code",
   "execution_count": 8,
   "metadata": {},
   "outputs": [
    {
     "name": "stdout",
     "output_type": "stream",
     "text": [
      "Total Flux through Epoxy dielectic: 8.198322102777779e-10\n"
     ]
    }
   ],
   "source": [
    "length_of_plate = 0.06\n",
    "width_of_plate = 0.01\n",
    "Area_of_plate = length_of_plate*width_of_plate\n",
    "Total_flux = net_flux_density[0][0]*Area_of_plate\n",
    "print(\"Total Flux through Epoxy dielectic:\",Total_flux)"
   ]
  },
  {
   "cell_type": "code",
   "execution_count": 9,
   "metadata": {},
   "outputs": [
    {
     "name": "stdout",
     "output_type": "stream",
     "text": [
      "Capacitance is equal to = 1.6396644205555557e-10\n"
     ]
    }
   ],
   "source": [
    "#From Gauss Law net flux passing through an area is equal to the charge enclosed within the gaussian surface\n",
    "charge = Total_flux\n",
    "Capacitance = charge/5\n",
    "print(\"Capacitance is equal to =\",Capacitance)"
   ]
  }
 ],
 "metadata": {
  "kernelspec": {
   "display_name": "Python 3",
   "language": "python",
   "name": "python3"
  },
  "language_info": {
   "codemirror_mode": {
    "name": "ipython",
    "version": 3
   },
   "file_extension": ".py",
   "mimetype": "text/x-python",
   "name": "python",
   "nbconvert_exporter": "python",
   "pygments_lexer": "ipython3",
   "version": "3.6.5"
  }
 },
 "nbformat": 4,
 "nbformat_minor": 2
}
