{
 "cells": [
  {
   "cell_type": "code",
   "execution_count": 1,
   "metadata": {},
   "outputs": [],
   "source": [
    "import numpy as np\n",
    "from numpy import *\n",
    "import scipy.linalg as slin"
   ]
  },
  {
   "cell_type": "code",
   "execution_count": 2,
   "metadata": {},
   "outputs": [],
   "source": [
    "hor_d = 0.162/3\n",
    "ver_r = 6/6"
   ]
  },
  {
   "cell_type": "code",
   "execution_count": 3,
   "metadata": {
    "scrolled": true
   },
   "outputs": [
    {
     "name": "stdout",
     "output_type": "stream",
     "text": [
      " \n",
      " P1      P2      P3      Q1      Q2    Q3\n",
      "[[-1.     0.     1.     0.054 -0.054  0.   ]\n",
      " [-1.     1.     0.     0.    -0.054  0.054]\n",
      " [-1.     0.     1.     0.054 -0.054  0.   ]\n",
      " [-1.     1.     0.     0.    -0.054  0.054]\n",
      " [-1.     0.     1.     0.054 -0.054  0.   ]\n",
      " [-1.     1.     0.     0.    -0.054  0.054]\n",
      " [-1.     0.     1.     0.054 -0.054  0.   ]\n",
      " [-1.     1.     0.     0.    -0.054  0.054]\n",
      " [-1.     0.     1.     0.054 -0.054  0.   ]\n",
      " [-1.     1.     0.     0.    -0.054  0.054]\n",
      " [-1.     0.     1.     0.054 -0.054  0.   ]\n",
      " [-1.     1.     0.     0.    -0.054  0.054]\n",
      " [-1.     0.     1.     0.054 -0.054  0.   ]\n",
      " [-1.     1.     0.     0.    -0.054  0.054]\n",
      " [-1.     0.     1.     0.054 -0.054  0.   ]\n",
      " [-1.     1.     0.     0.    -0.054  0.054]\n",
      " [-1.     0.     1.     0.054 -0.054  0.   ]\n",
      " [-1.     1.     0.     0.    -0.054  0.054]\n",
      " [-1.     0.     1.     0.054 -0.054  0.   ]\n",
      " [-1.     1.     0.     0.    -0.054  0.054]\n",
      " [-1.     0.     1.     0.054 -0.054  0.   ]\n",
      " [-1.     1.     0.     0.    -0.054  0.054]\n",
      " [-1.     0.     1.     0.054 -0.054  0.   ]\n",
      " [-1.     1.     0.     0.    -0.054  0.054]\n",
      " [-1.     0.     1.     0.054 -0.054  0.   ]\n",
      " [-1.     1.     0.     0.    -0.054  0.054]\n",
      " [-1.     0.     1.     0.054 -0.054  0.   ]\n",
      " [-1.     1.     0.     0.    -0.054  0.054]\n",
      " [-1.     0.     1.     0.054 -0.054  0.   ]\n",
      " [-1.     1.     0.     0.    -0.054  0.054]\n",
      " [-1.     0.     1.     0.054 -0.054  0.   ]\n",
      " [-1.     1.     0.     0.    -0.054  0.054]\n",
      " [-1.     0.     1.     0.054 -0.054  0.   ]\n",
      " [-1.     1.     0.     0.    -0.054  0.054]\n",
      " [-1.     0.     1.     0.054 -0.054  0.   ]\n",
      " [-1.     1.     0.     0.    -0.054  0.054]]\n"
     ]
    }
   ],
   "source": [
    "#36 elements and 6 for P1,P2,P3,Q1,Q2,Q3\n",
    "element_parameter = np.zeros((36,6))\n",
    "for x in range(len(element_parameter)):\n",
    "    if((x%2)==0):\n",
    "        element_parameter[x][0]=-ver_r\n",
    "        element_parameter[x][1]=0\n",
    "        element_parameter[x][2]=ver_r\n",
    "        element_parameter[x][3]=hor_d\n",
    "        element_parameter[x][4]=-hor_d\n",
    "        element_parameter[x][5]=0\n",
    "    elif((x%2)!=0):\n",
    "        element_parameter[x][0]=-ver_r\n",
    "        element_parameter[x][1]=ver_r\n",
    "        element_parameter[x][2]=0\n",
    "        element_parameter[x][3]=0\n",
    "        element_parameter[x][4]=-hor_d\n",
    "        element_parameter[x][5]=hor_d\n",
    "print(\" \")\n",
    "print(\" P1      P2      P3      Q1      Q2    Q3\")\n",
    "print(element_parameter)"
   ]
  },
  {
   "cell_type": "code",
   "execution_count": 4,
   "metadata": {
    "scrolled": true
   },
   "outputs": [
    {
     "name": "stdout",
     "output_type": "stream",
     "text": [
      " \n",
      "Element Coefficient Matrix Of All Elements:\n",
      " \n",
      "[array([[ 9.28625926, -0.027     , -9.25925926],\n",
      "       [-0.027     ,  0.027     ,  0.        ],\n",
      "       [-9.25925926,  0.        ,  9.25925926]]), array([[ 9.25925926, -9.25925926,  0.        ],\n",
      "       [-9.25925926,  9.28625926, -0.027     ],\n",
      "       [ 0.        , -0.027     ,  0.027     ]]), array([[ 9.28625926, -0.027     , -9.25925926],\n",
      "       [-0.027     ,  0.027     ,  0.        ],\n",
      "       [-9.25925926,  0.        ,  9.25925926]]), array([[ 9.25925926, -9.25925926,  0.        ],\n",
      "       [-9.25925926,  9.28625926, -0.027     ],\n",
      "       [ 0.        , -0.027     ,  0.027     ]]), array([[ 9.28625926, -0.027     , -9.25925926],\n",
      "       [-0.027     ,  0.027     ,  0.        ],\n",
      "       [-9.25925926,  0.        ,  9.25925926]]), array([[ 9.25925926, -9.25925926,  0.        ],\n",
      "       [-9.25925926,  9.28625926, -0.027     ],\n",
      "       [ 0.        , -0.027     ,  0.027     ]]), array([[ 9.28625926, -0.027     , -9.25925926],\n",
      "       [-0.027     ,  0.027     ,  0.        ],\n",
      "       [-9.25925926,  0.        ,  9.25925926]]), array([[ 9.25925926, -9.25925926,  0.        ],\n",
      "       [-9.25925926,  9.28625926, -0.027     ],\n",
      "       [ 0.        , -0.027     ,  0.027     ]]), array([[ 9.28625926, -0.027     , -9.25925926],\n",
      "       [-0.027     ,  0.027     ,  0.        ],\n",
      "       [-9.25925926,  0.        ,  9.25925926]]), array([[ 9.25925926, -9.25925926,  0.        ],\n",
      "       [-9.25925926,  9.28625926, -0.027     ],\n",
      "       [ 0.        , -0.027     ,  0.027     ]]), array([[ 9.28625926, -0.027     , -9.25925926],\n",
      "       [-0.027     ,  0.027     ,  0.        ],\n",
      "       [-9.25925926,  0.        ,  9.25925926]]), array([[ 9.25925926, -9.25925926,  0.        ],\n",
      "       [-9.25925926,  9.28625926, -0.027     ],\n",
      "       [ 0.        , -0.027     ,  0.027     ]]), array([[ 9.28625926, -0.027     , -9.25925926],\n",
      "       [-0.027     ,  0.027     ,  0.        ],\n",
      "       [-9.25925926,  0.        ,  9.25925926]]), array([[ 9.25925926, -9.25925926,  0.        ],\n",
      "       [-9.25925926,  9.28625926, -0.027     ],\n",
      "       [ 0.        , -0.027     ,  0.027     ]]), array([[ 9.28625926, -0.027     , -9.25925926],\n",
      "       [-0.027     ,  0.027     ,  0.        ],\n",
      "       [-9.25925926,  0.        ,  9.25925926]]), array([[ 9.25925926, -9.25925926,  0.        ],\n",
      "       [-9.25925926,  9.28625926, -0.027     ],\n",
      "       [ 0.        , -0.027     ,  0.027     ]]), array([[ 9.28625926, -0.027     , -9.25925926],\n",
      "       [-0.027     ,  0.027     ,  0.        ],\n",
      "       [-9.25925926,  0.        ,  9.25925926]]), array([[ 9.25925926, -9.25925926,  0.        ],\n",
      "       [-9.25925926,  9.28625926, -0.027     ],\n",
      "       [ 0.        , -0.027     ,  0.027     ]]), array([[ 9.28625926, -0.027     , -9.25925926],\n",
      "       [-0.027     ,  0.027     ,  0.        ],\n",
      "       [-9.25925926,  0.        ,  9.25925926]]), array([[ 9.25925926, -9.25925926,  0.        ],\n",
      "       [-9.25925926,  9.28625926, -0.027     ],\n",
      "       [ 0.        , -0.027     ,  0.027     ]]), array([[ 9.28625926, -0.027     , -9.25925926],\n",
      "       [-0.027     ,  0.027     ,  0.        ],\n",
      "       [-9.25925926,  0.        ,  9.25925926]]), array([[ 9.25925926, -9.25925926,  0.        ],\n",
      "       [-9.25925926,  9.28625926, -0.027     ],\n",
      "       [ 0.        , -0.027     ,  0.027     ]]), array([[ 9.28625926, -0.027     , -9.25925926],\n",
      "       [-0.027     ,  0.027     ,  0.        ],\n",
      "       [-9.25925926,  0.        ,  9.25925926]]), array([[ 9.25925926, -9.25925926,  0.        ],\n",
      "       [-9.25925926,  9.28625926, -0.027     ],\n",
      "       [ 0.        , -0.027     ,  0.027     ]]), array([[ 9.28625926, -0.027     , -9.25925926],\n",
      "       [-0.027     ,  0.027     ,  0.        ],\n",
      "       [-9.25925926,  0.        ,  9.25925926]]), array([[ 9.25925926, -9.25925926,  0.        ],\n",
      "       [-9.25925926,  9.28625926, -0.027     ],\n",
      "       [ 0.        , -0.027     ,  0.027     ]]), array([[ 9.28625926, -0.027     , -9.25925926],\n",
      "       [-0.027     ,  0.027     ,  0.        ],\n",
      "       [-9.25925926,  0.        ,  9.25925926]]), array([[ 9.25925926, -9.25925926,  0.        ],\n",
      "       [-9.25925926,  9.28625926, -0.027     ],\n",
      "       [ 0.        , -0.027     ,  0.027     ]]), array([[ 9.28625926, -0.027     , -9.25925926],\n",
      "       [-0.027     ,  0.027     ,  0.        ],\n",
      "       [-9.25925926,  0.        ,  9.25925926]]), array([[ 9.25925926, -9.25925926,  0.        ],\n",
      "       [-9.25925926,  9.28625926, -0.027     ],\n",
      "       [ 0.        , -0.027     ,  0.027     ]]), array([[ 9.28625926, -0.027     , -9.25925926],\n",
      "       [-0.027     ,  0.027     ,  0.        ],\n",
      "       [-9.25925926,  0.        ,  9.25925926]]), array([[ 9.25925926, -9.25925926,  0.        ],\n",
      "       [-9.25925926,  9.28625926, -0.027     ],\n",
      "       [ 0.        , -0.027     ,  0.027     ]]), array([[ 9.28625926, -0.027     , -9.25925926],\n",
      "       [-0.027     ,  0.027     ,  0.        ],\n",
      "       [-9.25925926,  0.        ,  9.25925926]]), array([[ 9.25925926, -9.25925926,  0.        ],\n",
      "       [-9.25925926,  9.28625926, -0.027     ],\n",
      "       [ 0.        , -0.027     ,  0.027     ]]), array([[ 9.28625926, -0.027     , -9.25925926],\n",
      "       [-0.027     ,  0.027     ,  0.        ],\n",
      "       [-9.25925926,  0.        ,  9.25925926]]), array([[ 9.25925926, -9.25925926,  0.        ],\n",
      "       [-9.25925926,  9.28625926, -0.027     ],\n",
      "       [ 0.        , -0.027     ,  0.027     ]])]\n"
     ]
    }
   ],
   "source": [
    "coeff = [None]*36\n",
    "for x in range(len(coeff)):\n",
    "    coeff[x] = np.zeros((3,3))\n",
    "for x in range(len(coeff)):\n",
    "    for y in range(len(coeff[x])):\n",
    "        for z in range(len((coeff[x])[0])):\n",
    "            (coeff[x])[y][z]=(((element_parameter[x][y]*element_parameter[x][z])+(element_parameter[x][y+3]*element_parameter[x][z+3]))/(2*((element_parameter[x][1]*element_parameter[x][5])-(element_parameter[x][2]*element_parameter[x][4]))))\n",
    "print(\" \")\n",
    "print(\"Element Coefficient Matrix Of All Elements:\")\n",
    "print(\" \")\n",
    "print(coeff)"
   ]
  },
  {
   "cell_type": "code",
   "execution_count": 5,
   "metadata": {
    "scrolled": false
   },
   "outputs": [
    {
     "name": "stdout",
     "output_type": "stream",
     "text": [
      "Overall/Global Coefficient Matrix:\n"
     ]
    }
   ],
   "source": [
    "print(\"Overall/Global Coefficient Matrix:\")\n",
    "overall = np.zeros((28,28))\n",
    "overall[0][0]=(coeff[0])[0][0]\n",
    "overall[1][0]=(coeff[0])[0][2]\n",
    "overall[1][1]=(coeff[0])[2][2]+(coeff[1])[2][2]+(coeff[2])[0][0]\n",
    "overall[2][0]=0\n",
    "overall[2][1]=(coeff[2])[2][0]\n",
    "overall[2][2]=(coeff[2])[2][2]+(coeff[3])[2][2]+(coeff[4])[0][0]\n",
    "overall[3][0]=0\n",
    "overall[3][1]=0\n",
    "overall[3][2]=(coeff[4])[0][2]\n",
    "overall[3][3]=(coeff[4])[2][2]+(coeff[5])[2][2]\n",
    "overall[4][0]=(coeff[0])[0][1]\n",
    "overall[4][1]=(coeff[0])[1][2]+(coeff[1])[2][0]\n",
    "overall[4][2]=0\n",
    "overall[4][3]=0\n",
    "overall[4][4]=(coeff[0])[1][1]+(coeff[1])[0][0]+(coeff[6])[0][0]\n",
    "overall[5][0]=0\n",
    "overall[5][1]=(coeff[1])[1][2]+(coeff[2])[1][0]\n",
    "overall[5][2]=(coeff[2])[1][2]+(coeff[3])[0][2]\n",
    "overall[5][3]=0\n",
    "overall[5][4]=(coeff[1])[0][1]+(coeff[6])[0][2]\n",
    "overall[5][5]=(coeff[1])[1][1]+(coeff[2])[1][1]+(coeff[3])[0][0]+(coeff[8])[0][0]+(coeff[7])[2][2]+(coeff[6])[2][2]\n",
    "overall[6][0]=0\n",
    "overall[6][1]=0\n",
    "overall[6][2]=(coeff[3])[1][2]+(coeff[4])[0][1]\n",
    "overall[6][3]=(coeff[4])[1][2]+(coeff[5])[0][2]\n",
    "overall[6][4]=0\n",
    "overall[6][5]=(coeff[3])[0][1]+(coeff[8])[0][2]\n",
    "overall[6][6]=(coeff[4])[1][1]+(coeff[5])[0][0]+(coeff[10])[0][0]+(coeff[9])[2][2]+(coeff[8])[2][2]+(coeff[3])[1][1]\n",
    "overall[7][0]=0\n",
    "overall[7][1]=0\n",
    "overall[7][2]=0\n",
    "overall[7][3]=(coeff[5])[1][2]\n",
    "overall[7][4]=0\n",
    "overall[7][5]=0\n",
    "overall[7][6]=(coeff[5])[0][1]+(coeff[10])[0][2]\n",
    "overall[7][7]=(coeff[5])[1][1]+(coeff[10])[2][2]+(coeff[11])[2][2]\n",
    "overall[8][0]=0\n",
    "overall[8][1]=0\n",
    "overall[8][2]=0\n",
    "overall[8][3]=0\n",
    "overall[8][4]=(coeff[6])[1][0]\n",
    "overall[8][5]=(coeff[6])[1][2]+(coeff[7])[0][2]\n",
    "overall[8][6]=0\n",
    "overall[8][7]=0\n",
    "overall[8][8]=(coeff[6])[1][1]+(coeff[7])[0][0]+(coeff[12])[0][0]\n",
    "overall[9][0]=0\n",
    "overall[9][1]=0\n",
    "overall[9][2]=0\n",
    "overall[9][3]=0\n",
    "overall[9][4]=0\n",
    "overall[9][5]=(coeff[7])[1][2]+(coeff[8])[1][0]\n",
    "overall[9][6]=(coeff[8])[1][2]+(coeff[9])[0][2]\n",
    "overall[9][7]=0\n",
    "overall[9][8]=(coeff[7])[0][1]+(coeff[12])[0][2]\n",
    "overall[9][9]=(coeff[8])[1][1]+(coeff[9])[0][0]+(coeff[14])[0][0]+(coeff[13])[2][2]+(coeff[12])[2][2]+(coeff[7])[1][1]\n",
    "overall[10][0]=0\n",
    "overall[10][1]=0\n",
    "overall[10][2]=0\n",
    "overall[10][3]=0\n",
    "overall[10][4]=0\n",
    "overall[10][5]=0\n",
    "overall[10][6]=(coeff[9])[1][2]+(coeff[10])[0][1]\n",
    "overall[10][7]=(coeff[10])[1][2]+(coeff[11])[0][2]\n",
    "overall[10][8]=0\n",
    "overall[10][9]=(coeff[9])[0][1]+(coeff[14])[0][2]\n",
    "overall[10][10]=(coeff[10])[1][1]+(coeff[11])[0][0]+(coeff[16])[0][0]+(coeff[15])[2][2]+(coeff[14])[2][2]+(coeff[9])[1][1]\n",
    "overall[11][0]=0\n",
    "overall[11][1]=0\n",
    "overall[11][2]=0\n",
    "overall[11][3]=0\n",
    "overall[11][4]=0\n",
    "overall[11][5]=0\n",
    "overall[11][6]=0\n",
    "overall[11][7]=(coeff[11])[1][2]\n",
    "overall[11][8]=0\n",
    "overall[11][9]=0\n",
    "overall[11][10]=(coeff[11])[0][1]+(coeff[16])[0][2]\n",
    "overall[11][11]=(coeff[11])[1][1]+(coeff[16])[2][2]+(coeff[17])[2][2]\n",
    "overall[12][0]=0\n",
    "overall[12][1]=0\n",
    "overall[12][2]=0\n",
    "overall[12][3]=0\n",
    "overall[12][4]=0\n",
    "overall[12][5]=0\n",
    "overall[12][6]=0\n",
    "overall[12][7]=0\n",
    "overall[12][8]=(coeff[12])[0][1]\n",
    "overall[12][9]=(coeff[12])[1][2]+(coeff[13])[0][2]\n",
    "overall[12][10]=0\n",
    "overall[12][11]=0\n",
    "overall[12][12]=(coeff[12])[1][1]+(coeff[13])[0][0]+(coeff[18])[0][0]\n",
    "overall[13][0]=0\n",
    "overall[13][1]=0\n",
    "overall[13][2]=0\n",
    "overall[13][3]=0\n",
    "overall[13][4]=0\n",
    "overall[13][5]=0\n",
    "overall[13][6]=0\n",
    "overall[13][7]=0\n",
    "overall[13][8]=0\n",
    "overall[13][9]=(coeff[13])[1][2]+(coeff[14])[0][1]\n",
    "overall[13][10]=(coeff[14])[1][2]+(coeff[15])[0][2]\n",
    "overall[13][11]=0\n",
    "overall[13][12]=(coeff[13])[0][1]+(coeff[18])[0][2]\n",
    "overall[13][13]=(coeff[14])[1][1]+(coeff[15])[0][0]+(coeff[20])[0][0]+(coeff[19])[2][2]+(coeff[18])[2][2]+(coeff[13])[1][1]\n",
    "overall[14][0]=0\n",
    "overall[14][1]=0\n",
    "overall[14][2]=0\n",
    "overall[14][3]=0\n",
    "overall[14][4]=0\n",
    "overall[14][5]=0\n",
    "overall[14][6]=0\n",
    "overall[14][7]=0\n",
    "overall[14][8]=0\n",
    "overall[14][9]=0\n",
    "overall[14][10]=(coeff[15])[1][2]+(coeff[16])[0][1]\n",
    "overall[14][11]=(coeff[16])[1][2]+(coeff[17])[0][2]\n",
    "overall[14][12]=0\n",
    "overall[14][13]=(coeff[15])[0][1]+(coeff[20])[0][2]\n",
    "overall[14][14]=(coeff[16])[1][1]+(coeff[17])[0][0]+(coeff[22])[0][0]+(coeff[21])[2][2]+(coeff[20])[2][2]+(coeff[15])[1][1]\n",
    "overall[15][0]=0\n",
    "overall[15][1]=0\n",
    "overall[15][2]=0\n",
    "overall[15][3]=0\n",
    "overall[15][4]=0\n",
    "overall[15][5]=0\n",
    "overall[15][6]=0\n",
    "overall[15][7]=0\n",
    "overall[15][8]=0\n",
    "overall[15][9]=0\n",
    "overall[15][10]=0\n",
    "overall[15][11]=(coeff[17])[1][2]\n",
    "overall[15][12]=0\n",
    "overall[15][13]=0\n",
    "overall[15][14]=(coeff[17])[0][1]+(coeff[22])[0][2]\n",
    "overall[15][15]=(coeff[17])[1][1]+(coeff[22])[2][2]+(coeff[23])[2][2]\n",
    "overall[16][0]=0\n",
    "overall[16][1]=0\n",
    "overall[16][2]=0\n",
    "overall[16][3]=0\n",
    "overall[16][4]=0\n",
    "overall[16][5]=0\n",
    "overall[16][6]=0\n",
    "overall[16][7]=0\n",
    "overall[16][8]=0\n",
    "overall[16][9]=0\n",
    "overall[16][10]=0\n",
    "overall[16][11]=0\n",
    "overall[16][12]=(coeff[18])[0][1]\n",
    "overall[16][13]=(coeff[18])[1][2]+(coeff[19])[0][2]\n",
    "overall[16][14]=0\n",
    "overall[16][15]=0\n",
    "overall[16][16]=(coeff[18])[1][1]+(coeff[19])[0][0]+(coeff[24])[0][0]\n",
    "overall[17][0]=0\n",
    "overall[17][1]=0\n",
    "overall[17][2]=0\n",
    "overall[17][3]=0\n",
    "overall[17][4]=0\n",
    "overall[17][5]=0\n",
    "overall[17][6]=0\n",
    "overall[17][7]=0\n",
    "overall[17][8]=0\n",
    "overall[17][9]=0\n",
    "overall[17][10]=0\n",
    "overall[17][11]=0\n",
    "overall[17][12]=0\n",
    "overall[17][13]=(coeff[19])[1][2]+(coeff[20])[0][1]\n",
    "overall[17][14]=(coeff[20])[1][2]+(coeff[21])[0][2]\n",
    "overall[17][15]=0\n",
    "overall[17][16]=(coeff[19])[0][1]+(coeff[24])[0][2]\n",
    "overall[17][17]=(coeff[20])[1][1]+(coeff[21])[0][0]+(coeff[26])[0][0]+(coeff[25])[2][2]+(coeff[24])[2][2]+(coeff[19])[1][1]\n",
    "overall[18][0]=0\n",
    "overall[18][1]=0\n",
    "overall[18][2]=0\n",
    "overall[18][3]=0\n",
    "overall[18][4]=0\n",
    "overall[18][5]=0\n",
    "overall[18][6]=0\n",
    "overall[18][7]=0\n",
    "overall[18][8]=0\n",
    "overall[18][9]=0\n",
    "overall[18][10]=0\n",
    "overall[18][11]=0\n",
    "overall[18][12]=0\n",
    "overall[18][13]=0\n",
    "overall[18][14]=(coeff[21])[1][2]+(coeff[22])[0][1]\n",
    "overall[18][15]=(coeff[22])[1][2]+(coeff[23])[0][2]\n",
    "overall[18][16]=0\n",
    "overall[18][17]=(coeff[21])[0][1]+(coeff[26])[0][2]\n",
    "overall[18][18]=(coeff[22])[1][1]+(coeff[23])[0][0]+(coeff[28])[0][0]+(coeff[27])[2][2]+(coeff[26])[2][2]+(coeff[21])[1][1]\n",
    "overall[19][0]=0\n",
    "overall[19][1]=0\n",
    "overall[19][2]=0\n",
    "overall[19][3]=0\n",
    "overall[19][4]=0\n",
    "overall[19][5]=0\n",
    "overall[19][6]=0\n",
    "overall[19][7]=0\n",
    "overall[19][8]=0\n",
    "overall[19][9]=0\n",
    "overall[19][10]=0\n",
    "overall[19][11]=0\n",
    "overall[19][12]=0\n",
    "overall[19][13]=0\n",
    "overall[19][14]=0\n",
    "overall[19][15]=(coeff[23])[1][2]\n",
    "overall[19][16]=0\n",
    "overall[19][17]=0\n",
    "overall[19][18]=(coeff[23])[0][1]+(coeff[28])[0][2]\n",
    "overall[19][19]=(coeff[23])[1][1]+(coeff[28])[2][2]+(coeff[29])[2][2]\n",
    "overall[20][0]=0\n",
    "overall[20][1]=0\n",
    "overall[20][2]=0\n",
    "overall[20][3]=0\n",
    "overall[20][4]=0\n",
    "overall[20][5]=0\n",
    "overall[20][6]=0\n",
    "overall[20][7]=0\n",
    "overall[20][8]=0\n",
    "overall[20][9]=0\n",
    "overall[20][10]=0\n",
    "overall[20][11]=0\n",
    "overall[20][12]=0\n",
    "overall[20][13]=0\n",
    "overall[20][14]=0\n",
    "overall[20][15]=0\n",
    "overall[20][16]=(coeff[24])[0][1]\n",
    "overall[20][17]=(coeff[24])[1][2]+(coeff[25])[0][2]\n",
    "overall[20][18]=0\n",
    "overall[20][19]=0\n",
    "overall[20][20]=(coeff[24])[1][1]+(coeff[25])[0][0]+(coeff[30])[0][0]\n",
    "overall[21][0]=0\n",
    "overall[21][1]=0\n",
    "overall[21][2]=0\n",
    "overall[21][3]=0\n",
    "overall[21][4]=0\n",
    "overall[21][5]=0\n",
    "overall[21][6]=0\n",
    "overall[21][7]=0\n",
    "overall[21][8]=0\n",
    "overall[21][9]=0\n",
    "overall[21][10]=0\n",
    "overall[21][11]=0\n",
    "overall[21][12]=0\n",
    "overall[21][13]=0\n",
    "overall[21][14]=0\n",
    "overall[21][15]=0\n",
    "overall[21][16]=0\n",
    "overall[21][17]=(coeff[25])[1][2]+(coeff[26])[0][1]\n",
    "overall[21][18]=(coeff[26])[1][2]+(coeff[27])[0][2]\n",
    "overall[21][19]=0\n",
    "overall[21][20]=(coeff[25])[0][1]+(coeff[30])[0][2]\n",
    "overall[21][21]=(coeff[26])[1][1]+(coeff[27])[0][0]+(coeff[32])[0][0]+(coeff[31])[2][2]+(coeff[30])[2][2]+(coeff[25])[1][1]\n",
    "overall[22][0]=0\n",
    "overall[22][1]=0\n",
    "overall[22][2]=0\n",
    "overall[22][3]=0\n",
    "overall[22][4]=0\n",
    "overall[22][5]=0\n",
    "overall[22][6]=0\n",
    "overall[22][7]=0\n",
    "overall[22][8]=0\n",
    "overall[22][9]=0\n",
    "overall[22][10]=0\n",
    "overall[22][11]=0\n",
    "overall[22][12]=0\n",
    "overall[22][13]=0\n",
    "overall[22][14]=0\n",
    "overall[22][15]=0\n",
    "overall[22][16]=0\n",
    "overall[22][17]=0\n",
    "overall[22][18]=(coeff[27])[1][2]+(coeff[28])[0][1]\n",
    "overall[22][19]=(coeff[28])[1][2]+(coeff[29])[0][2]\n",
    "overall[22][20]=0\n",
    "overall[22][21]=(coeff[27])[0][1]+(coeff[32])[0][2]\n",
    "overall[22][22]=(coeff[28])[1][1]+(coeff[29])[0][0]+(coeff[34])[0][0]+(coeff[33])[2][2]+(coeff[32])[2][2]+(coeff[27])[1][1]\n",
    "overall[23][0]=0\n",
    "overall[23][1]=0\n",
    "overall[23][2]=0\n",
    "overall[23][3]=0\n",
    "overall[23][4]=0\n",
    "overall[23][5]=0\n",
    "overall[23][6]=0\n",
    "overall[23][7]=0\n",
    "overall[23][8]=0\n",
    "overall[23][9]=0\n",
    "overall[23][10]=0\n",
    "overall[23][11]=0\n",
    "overall[23][12]=0\n",
    "overall[23][13]=0\n",
    "overall[23][14]=0\n",
    "overall[23][15]=0\n",
    "overall[23][16]=0\n",
    "overall[23][17]=0\n",
    "overall[23][18]=0\n",
    "overall[23][19]=(coeff[29])[1][2]\n",
    "overall[23][20]=0\n",
    "overall[23][21]=0\n",
    "overall[23][22]=(coeff[29])[0][1]+(coeff[34])[0][2]\n",
    "overall[23][23]=(coeff[29])[1][1]+(coeff[34])[2][2]+(coeff[35])[2][2]\n",
    "overall[24][0]=0\n",
    "overall[24][1]=0\n",
    "overall[24][2]=0\n",
    "overall[24][3]=0\n",
    "overall[24][4]=0\n",
    "overall[24][5]=0\n",
    "overall[24][6]=0\n",
    "overall[24][7]=0\n",
    "overall[24][8]=0\n",
    "overall[24][9]=0\n",
    "overall[24][10]=0\n",
    "overall[24][11]=0\n",
    "overall[24][12]=0\n",
    "overall[24][13]=0\n",
    "overall[24][14]=0\n",
    "overall[24][15]=0\n",
    "overall[24][16]=0\n",
    "overall[24][17]=0\n",
    "overall[24][18]=0\n",
    "overall[24][19]=0\n",
    "overall[24][20]=(coeff[30])[0][1]\n",
    "overall[24][21]=(coeff[30])[1][2]+(coeff[31])[0][2]\n",
    "overall[24][22]=0\n",
    "overall[24][23]=0\n",
    "overall[24][24]=(coeff[30])[1][1]+(coeff[31])[0][0]\n",
    "overall[25][0]=0\n",
    "overall[25][1]=0\n",
    "overall[25][2]=0\n",
    "overall[25][3]=0\n",
    "overall[25][4]=0\n",
    "overall[25][5]=0\n",
    "overall[25][6]=0\n",
    "overall[25][7]=0\n",
    "overall[25][8]=0\n",
    "overall[25][9]=0\n",
    "overall[25][10]=0\n",
    "overall[25][11]=0\n",
    "overall[25][12]=0\n",
    "overall[25][13]=0\n",
    "overall[25][14]=0\n",
    "overall[25][15]=0\n",
    "overall[25][16]=0\n",
    "overall[25][17]=0\n",
    "overall[25][18]=0\n",
    "overall[25][19]=0\n",
    "overall[25][20]=0\n",
    "overall[25][21]=(coeff[31])[1][2]+(coeff[32])[0][1]\n",
    "overall[25][22]=(coeff[32])[1][2]+(coeff[33])[0][2]\n",
    "overall[25][23]=0\n",
    "overall[25][24]=(coeff[31])[0][1]\n",
    "overall[25][25]=(coeff[31])[1][1]+(coeff[32])[1][1]+(coeff[33])[0][0]\n",
    "overall[26][0]=0\n",
    "overall[26][1]=0\n",
    "overall[26][2]=0\n",
    "overall[26][3]=0\n",
    "overall[26][4]=0\n",
    "overall[26][5]=0\n",
    "overall[26][6]=0\n",
    "overall[26][7]=0\n",
    "overall[26][8]=0\n",
    "overall[26][9]=0\n",
    "overall[26][10]=0\n",
    "overall[26][11]=0\n",
    "overall[26][12]=0\n",
    "overall[26][13]=0\n",
    "overall[26][14]=0\n",
    "overall[26][15]=0\n",
    "overall[26][16]=0\n",
    "overall[26][17]=0\n",
    "overall[26][18]=0\n",
    "overall[26][19]=0\n",
    "overall[26][20]=0\n",
    "overall[26][21]=0\n",
    "overall[26][22]=(coeff[33])[1][2]+(coeff[34])[0][1]\n",
    "overall[26][23]=(coeff[34])[1][2]+(coeff[35])[0][2]\n",
    "overall[26][24]=0\n",
    "overall[26][25]=(coeff[33])[0][1]\n",
    "overall[26][26]=(coeff[33])[1][1]+(coeff[34])[1][1]+(coeff[35])[0][0]\n",
    "overall[27][0]=0\n",
    "overall[27][1]=0\n",
    "overall[27][2]=0\n",
    "overall[27][3]=0\n",
    "overall[27][4]=0\n",
    "overall[27][5]=0\n",
    "overall[27][6]=0\n",
    "overall[27][7]=0\n",
    "overall[27][8]=0\n",
    "overall[27][9]=0\n",
    "overall[27][10]=0\n",
    "overall[27][11]=0\n",
    "overall[27][12]=0\n",
    "overall[27][13]=0\n",
    "overall[27][14]=0\n",
    "overall[27][15]=0\n",
    "overall[27][16]=0\n",
    "overall[27][17]=0\n",
    "overall[27][18]=0\n",
    "overall[27][19]=0\n",
    "overall[27][20]=0\n",
    "overall[27][21]=0\n",
    "overall[27][22]=0\n",
    "overall[27][23]=(coeff[35])[1][2]\n",
    "overall[27][24]=0\n",
    "overall[27][25]=0\n",
    "overall[27][26]=(coeff[35])[0][1]\n",
    "overall[27][27]=(coeff[35])[1][1]\n",
    "\n",
    "#print(overall)"
   ]
  },
  {
   "cell_type": "code",
   "execution_count": 6,
   "metadata": {},
   "outputs": [
    {
     "name": "stdout",
     "output_type": "stream",
     "text": [
      "Overall/Global Coefficient Matrix:\n",
      " \n",
      "[[  9.28625926  -9.25925926   0.           0.          -0.027\n",
      "    0.           0.           0.           0.           0.\n",
      "    0.           0.           0.           0.           0.\n",
      "    0.           0.           0.           0.           0.\n",
      "    0.           0.           0.           0.           0.\n",
      "    0.           0.           0.        ]\n",
      " [ -9.25925926  18.57251852  -9.25925926   0.           0.\n",
      "   -0.054        0.           0.           0.           0.\n",
      "    0.           0.           0.           0.           0.\n",
      "    0.           0.           0.           0.           0.\n",
      "    0.           0.           0.           0.           0.\n",
      "    0.           0.           0.        ]\n",
      " [  0.          -9.25925926  18.57251852  -9.25925926   0.\n",
      "    0.          -0.054        0.           0.           0.\n",
      "    0.           0.           0.           0.           0.\n",
      "    0.           0.           0.           0.           0.\n",
      "    0.           0.           0.           0.           0.\n",
      "    0.           0.           0.        ]\n",
      " [  0.           0.          -9.25925926   9.28625926   0.\n",
      "    0.           0.          -0.027        0.           0.\n",
      "    0.           0.           0.           0.           0.\n",
      "    0.           0.           0.           0.           0.\n",
      "    0.           0.           0.           0.           0.\n",
      "    0.           0.           0.        ]\n",
      " [ -0.027        0.           0.           0.          18.57251852\n",
      "  -18.51851852   0.           0.          -0.027        0.\n",
      "    0.           0.           0.           0.           0.\n",
      "    0.           0.           0.           0.           0.\n",
      "    0.           0.           0.           0.           0.\n",
      "    0.           0.           0.        ]\n",
      " [  0.          -0.054        0.           0.         -18.51851852\n",
      "   37.14503704 -18.51851852   0.           0.          -0.054\n",
      "    0.           0.           0.           0.           0.\n",
      "    0.           0.           0.           0.           0.\n",
      "    0.           0.           0.           0.           0.\n",
      "    0.           0.           0.        ]\n",
      " [  0.           0.          -0.054        0.           0.\n",
      "  -18.51851852  37.14503704 -18.51851852   0.           0.\n",
      "   -0.054        0.           0.           0.           0.\n",
      "    0.           0.           0.           0.           0.\n",
      "    0.           0.           0.           0.           0.\n",
      "    0.           0.           0.        ]\n",
      " [  0.           0.           0.          -0.027        0.\n",
      "    0.         -18.51851852  18.57251852   0.           0.\n",
      "    0.          -0.027        0.           0.           0.\n",
      "    0.           0.           0.           0.           0.\n",
      "    0.           0.           0.           0.           0.\n",
      "    0.           0.           0.        ]\n",
      " [  0.           0.           0.           0.          -0.027\n",
      "    0.           0.           0.          18.57251852 -18.51851852\n",
      "    0.           0.          -0.027        0.           0.\n",
      "    0.           0.           0.           0.           0.\n",
      "    0.           0.           0.           0.           0.\n",
      "    0.           0.           0.        ]\n",
      " [  0.           0.           0.           0.           0.\n",
      "   -0.054        0.           0.         -18.51851852  37.14503704\n",
      "  -18.51851852   0.           0.          -0.054        0.\n",
      "    0.           0.           0.           0.           0.\n",
      "    0.           0.           0.           0.           0.\n",
      "    0.           0.           0.        ]\n",
      " [  0.           0.           0.           0.           0.\n",
      "    0.          -0.054        0.           0.         -18.51851852\n",
      "   37.14503704 -18.51851852   0.           0.          -0.054\n",
      "    0.           0.           0.           0.           0.\n",
      "    0.           0.           0.           0.           0.\n",
      "    0.           0.           0.        ]\n",
      " [  0.           0.           0.           0.           0.\n",
      "    0.           0.          -0.027        0.           0.\n",
      "  -18.51851852  18.57251852   0.           0.           0.\n",
      "   -0.027        0.           0.           0.           0.\n",
      "    0.           0.           0.           0.           0.\n",
      "    0.           0.           0.        ]\n",
      " [  0.           0.           0.           0.           0.\n",
      "    0.           0.           0.          -0.027        0.\n",
      "    0.           0.          18.57251852 -18.51851852   0.\n",
      "    0.          -0.027        0.           0.           0.\n",
      "    0.           0.           0.           0.           0.\n",
      "    0.           0.           0.        ]\n",
      " [  0.           0.           0.           0.           0.\n",
      "    0.           0.           0.           0.          -0.054\n",
      "    0.           0.         -18.51851852  37.14503704 -18.51851852\n",
      "    0.           0.          -0.054        0.           0.\n",
      "    0.           0.           0.           0.           0.\n",
      "    0.           0.           0.        ]\n",
      " [  0.           0.           0.           0.           0.\n",
      "    0.           0.           0.           0.           0.\n",
      "   -0.054        0.           0.         -18.51851852  37.14503704\n",
      "  -18.51851852   0.           0.          -0.054        0.\n",
      "    0.           0.           0.           0.           0.\n",
      "    0.           0.           0.        ]\n",
      " [  0.           0.           0.           0.           0.\n",
      "    0.           0.           0.           0.           0.\n",
      "    0.          -0.027        0.           0.         -18.51851852\n",
      "   18.57251852   0.           0.           0.          -0.027\n",
      "    0.           0.           0.           0.           0.\n",
      "    0.           0.           0.        ]\n",
      " [  0.           0.           0.           0.           0.\n",
      "    0.           0.           0.           0.           0.\n",
      "    0.           0.          -0.027        0.           0.\n",
      "    0.          18.57251852 -18.51851852   0.           0.\n",
      "   -0.027        0.           0.           0.           0.\n",
      "    0.           0.           0.        ]\n",
      " [  0.           0.           0.           0.           0.\n",
      "    0.           0.           0.           0.           0.\n",
      "    0.           0.           0.          -0.054        0.\n",
      "    0.         -18.51851852  37.14503704 -18.51851852   0.\n",
      "    0.          -0.054        0.           0.           0.\n",
      "    0.           0.           0.        ]\n",
      " [  0.           0.           0.           0.           0.\n",
      "    0.           0.           0.           0.           0.\n",
      "    0.           0.           0.           0.          -0.054\n",
      "    0.           0.         -18.51851852  37.14503704 -18.51851852\n",
      "    0.           0.          -0.054        0.           0.\n",
      "    0.           0.           0.        ]\n",
      " [  0.           0.           0.           0.           0.\n",
      "    0.           0.           0.           0.           0.\n",
      "    0.           0.           0.           0.           0.\n",
      "   -0.027        0.           0.         -18.51851852  18.57251852\n",
      "    0.           0.           0.          -0.027        0.\n",
      "    0.           0.           0.        ]\n",
      " [  0.           0.           0.           0.           0.\n",
      "    0.           0.           0.           0.           0.\n",
      "    0.           0.           0.           0.           0.\n",
      "    0.          -0.027        0.           0.           0.\n",
      "   18.57251852 -18.51851852   0.           0.          -0.027\n",
      "    0.           0.           0.        ]\n",
      " [  0.           0.           0.           0.           0.\n",
      "    0.           0.           0.           0.           0.\n",
      "    0.           0.           0.           0.           0.\n",
      "    0.           0.          -0.054        0.           0.\n",
      "  -18.51851852  37.14503704 -18.51851852   0.           0.\n",
      "   -0.054        0.           0.        ]\n",
      " [  0.           0.           0.           0.           0.\n",
      "    0.           0.           0.           0.           0.\n",
      "    0.           0.           0.           0.           0.\n",
      "    0.           0.           0.          -0.054        0.\n",
      "    0.         -18.51851852  37.14503704 -18.51851852   0.\n",
      "    0.          -0.054        0.        ]\n",
      " [  0.           0.           0.           0.           0.\n",
      "    0.           0.           0.           0.           0.\n",
      "    0.           0.           0.           0.           0.\n",
      "    0.           0.           0.           0.          -0.027\n",
      "    0.           0.         -18.51851852  18.57251852   0.\n",
      "    0.           0.          -0.027     ]\n",
      " [  0.           0.           0.           0.           0.\n",
      "    0.           0.           0.           0.           0.\n",
      "    0.           0.           0.           0.           0.\n",
      "    0.           0.           0.           0.           0.\n",
      "   -0.027        0.           0.           0.           9.28625926\n",
      "   -9.25925926   0.           0.        ]\n",
      " [  0.           0.           0.           0.           0.\n",
      "    0.           0.           0.           0.           0.\n",
      "    0.           0.           0.           0.           0.\n",
      "    0.           0.           0.           0.           0.\n",
      "    0.          -0.054        0.           0.          -9.25925926\n",
      "   18.57251852  -9.25925926   0.        ]\n",
      " [  0.           0.           0.           0.           0.\n",
      "    0.           0.           0.           0.           0.\n",
      "    0.           0.           0.           0.           0.\n",
      "    0.           0.           0.           0.           0.\n",
      "    0.           0.          -0.054        0.           0.\n",
      "   -9.25925926  18.57251852  -9.25925926]\n",
      " [  0.           0.           0.           0.           0.\n",
      "    0.           0.           0.           0.           0.\n",
      "    0.           0.           0.           0.           0.\n",
      "    0.           0.           0.           0.           0.\n",
      "    0.           0.           0.          -0.027        0.\n",
      "    0.          -9.25925926   9.28625926]]\n"
     ]
    }
   ],
   "source": [
    "np.set_printoptions(suppress=True)\n",
    "for x in range((len(overall))-1):\n",
    "    for y in range(x+1,len(overall[0])):\n",
    "        overall[x][y]=overall[y][x]\n",
    "for x in range(len(overall)):\n",
    "    for y in range(len(overall[0])):\n",
    "        overall[x][y]=round(overall[x][y], 10)\n",
    "print(\"Overall/Global Coefficient Matrix:\")\n",
    "print(\" \")\n",
    "print(overall)"
   ]
  },
  {
   "cell_type": "code",
   "execution_count": 7,
   "metadata": {},
   "outputs": [
    {
     "name": "stdout",
     "output_type": "stream",
     "text": [
      "Cff_Matrix :\n",
      " \n",
      "[[ 18.57251852  -9.25925926  -0.054        0.           0.\n",
      "    0.           0.           0.           0.           0.\n",
      "    0.           0.           0.           0.        ]\n",
      " [ -9.25925926  18.57251852   0.          -0.054        0.\n",
      "    0.           0.           0.           0.           0.\n",
      "    0.           0.           0.           0.        ]\n",
      " [ -0.054        0.          37.14503704 -18.51851852  -0.054\n",
      "    0.           0.           0.           0.           0.\n",
      "    0.           0.           0.           0.        ]\n",
      " [  0.          -0.054      -18.51851852  37.14503704   0.\n",
      "   -0.054        0.           0.           0.           0.\n",
      "    0.           0.           0.           0.        ]\n",
      " [  0.           0.          -0.054        0.          37.14503704\n",
      "  -18.51851852  -0.054        0.           0.           0.\n",
      "    0.           0.           0.           0.        ]\n",
      " [  0.           0.           0.          -0.054      -18.51851852\n",
      "   37.14503704   0.          -0.054        0.           0.\n",
      "    0.           0.           0.           0.        ]\n",
      " [  0.           0.           0.           0.          -0.054\n",
      "    0.          37.14503704 -18.51851852  -0.054        0.\n",
      "    0.           0.           0.           0.        ]\n",
      " [  0.           0.           0.           0.           0.\n",
      "   -0.054      -18.51851852  37.14503704   0.          -0.054\n",
      "    0.           0.           0.           0.        ]\n",
      " [  0.           0.           0.           0.           0.\n",
      "    0.          -0.054        0.          37.14503704 -18.51851852\n",
      "   -0.054        0.           0.           0.        ]\n",
      " [  0.           0.           0.           0.           0.\n",
      "    0.           0.          -0.054      -18.51851852  37.14503704\n",
      "    0.          -0.054        0.           0.        ]\n",
      " [  0.           0.           0.           0.           0.\n",
      "    0.           0.           0.          -0.054        0.\n",
      "   37.14503704 -18.51851852  -0.054        0.        ]\n",
      " [  0.           0.           0.           0.           0.\n",
